895 1789
1 4 101413716
2 1 932539447
4 1 272477619
3 1 681878140
5 3 993290910
4 2 195082851
4 2 999419095
5 2 137676343
2 7 384937214
6 5 801309719
8 4 760481783
7 5 506902339
4 9 513671300
8 6 861575321
8 10 667608602
9 7 503457416
8 6 924210940
10 7 633431860
7 8 569310019
11 8 729712180
13 14 848383251
12 11 813450873
13 15 890777055
13 10 683253860
12 11 903609312
14 12 788737866
11 17 278233586
15 14 603138066
14 16 897008076
16 14 164842367
14 18 405709354
17 14 96228261
14 20 626839034
18 17 351066594
20 15 354343340
19 18 433390385
16 22 193497142
20 17 13853282
21 22 217977298
21 19 583207268
24 18 2859948
22 21 870497988
25 22 687382921
23 20 461107206
20 24 677744707
24 21 406643596
21 24 754605051
25 23 810155629
25 28 259091685
26 23 79915134
27 29 396769317
27 25 18245733
27 25 891776913
28 25 536264401
30 29 734115392
29 28 511486112
31 32 870999157
30 29 752999519
29 27 863096351
31 30 388936761
31 32 459133962
32 30 287624701
29 32 756308394
33 30 517999955
33 32 967949627
34 32 809287578
33 31 32597336
35 33 382652047
33 32 732413619
36 34 464720105
33 37 931021474
37 34 874783626
37 40 565096434
38 37 6330466
35 40 5973593
39 38 424837413
36 42 366414137
40 38 966787917
38 43 212512807
41 38 340641187
40 42 78957678
42 41 90252406
43 45 271477962
43 40 6371524
45 46 911624484
44 43 765072651
41 42 774297221
45 42 93475634
44 42 268346498
46 44 193087091
43 46 819906973
47 44 212026361
50 47 675345426
48 46 700023604
48 49 706674862
49 46 635761646
51 47 211181652
50 48 896417583
48 50 881567165
51 49 879708712
52 53 855520496
52 49 805445347
50 49 935461943
53 51 886374294
56 52 127214753
54 52 458845876
52 56 513841851
55 52 719993075
55 54 985065192
56 53 918042847
57 55 14987807
57 56 331188457
55 54 887164318
58 56 144840681
56 58 505384631
59 57 228890952
59 62 823019007
60 58 788674238
59 57 564120322
61 59 437532453
63 60 893261709
62 59 469703698
60 65 785994897
63 60 498019736
62 65 245087883
64 63 324837417
63 65 395637309
65 63 680442324
68 63 292376854
66 64 399241922
63 67 606426736
67 64 175898600
68 69 855866564
68 66 208054483
66 67 548134860
69 67 43808445
70 66 646420344
70 67 680555966
69 71 772625582
71 68 852861817
73 72 818497602
72 71 529987310
70 74 338997814
73 70 430962674
73 71 316014916
74 72 52603221
73 77 387405850
75 73 381775184
73 72 242150232
76 74 427481545
79 76 488163838
77 76 161219482
79 78 97613618
78 75 847394978
76 77 167498699
79 76 176717767
78 79 825204207
80 78 603646072
79 83 244506112
81 78 967862271
83 84 133030554
82 80 198246492
79 81 957900170
83 81 471512184
86 85 74365139
84 81 343179179
87 81 887645577
85 82 719747831
83 85 588174851
86 85 383295672
89 84 930264800
87 85 765861710
84 88 127100233
88 87 203443948
87 91 623137263
89 87 499714345
86 88 620606371
90 87 565777898
91 87 315537142
91 90 277045209
90 92 587423896
92 91 830631716
93 91 139455891
93 92 113197930
95 91 30167851
94 92 179025684
96 92 10493005
95 94 643835169
93 97 919305081
96 95 594129427
99 94 186549622
97 96 887645262
97 98 246586667
98 96 442439507
101 99 341932956
99 97 250784952
99 98 526595212
100 97 841446022
98 102 590459032
101 100 161681393
100 103 827076919
102 101 574125940
100 101 610435139
103 100 378093384
105 103 440750857
104 101 890638949
106 103 212831144
105 104 530568883
107 106 477937075
106 104 227662786
109 105 787954927
107 105 190342690
110 105 759273406
108 105 121440065
105 106 59045730
109 108 903091687
106 108 279308854
110 107 904018728
108 107 318769823
111 110 593769210
109 112 647355193
112 110 585128119
114 109 808240348
113 111 211796500
112 111 424510904
114 113 96968528
112 113 345639394
115 114 963750884
117 113 115649170
116 114 34644127
118 113 384020165
117 116 668174896
116 118 820227068
118 115 916677778
119 118 556484183
119 116 361616320
118 120 698280262
120 117 563758537
122 118 245461328
121 119 560105231
123 121 247790443
122 120 569115965
119 122 95343009
123 121 396701804
121 125 165921219
124 121 303740358
123 121 743640670
125 124 940937301
127 122 196437566
126 123 647327922
129 125 368939855
127 124 969752875
130 126 812825482
128 126 228185512
126 125 134524543
129 127 202328225
128 127 918295886
130 129 281257896
129 130 560696599
131 130 598026486
131 129 225456733
132 131 395052171
130 131 733018135
133 132 968564199
130 136 419240938
134 133 730392112
136 134 300147002
135 132 140249620
133 134 955717726
136 133 481975241
136 138 250036003
137 136 361443200
134 138 895201702
138 135 937135143
135 141 974787063
139 137 294196846
141 136 913774926
140 139 14633570
143 139 336050580
141 139 549432819
141 139 736702018
142 141 655132335
145 142 730048066
143 140 54159514
145 140 122731578
144 141 389767319
143 141 564397495
145 144 104071428
148 144 771453274
146 144 279547816
147 149 810738785
147 146 922059438
150 149 237619392
148 147 911092046
151 150 569295228
149 146 53067930
152 147 659483356
150 148 175396151
151 149 955239865
151 149 403474145
154 148 232280392
152 150 874444500
149 154 140986931
153 150 457693887
156 151 659025427
154 153 733395178
154 156 778950834
155 152 524498970
158 154 702984694
156 155 452191415
157 159 759700776
157 156 269489313
158 155 636934013
158 156 890183152
155 160 242666439
159 156 384032443
161 158 521231553
160 159 229439946
160 159 595322086
161 160 803861052
162 160 808494009
162 160 691244945
160 164 552194647
163 160 967451099
163 161 399852093
164 162 876658752
166 164 935631064
165 163 700746717
164 166 453142770
166 165 299628862
168 167 197054556
167 165 751379568
168 165 49114900
168 167 722368884
168 170 827088781
169 166 462757540
167 169 798609120
170 168 373501576
171 168 612506165
171 169 660768939
172 171 655743852
172 169 969995622
172 175 500065607
173 170 841553888
174 173 474712688
174 171 344835707
175 172 156535186
175 173 541680169
174 176 590624506
176 175 673263546
178 179 865333418
177 174 965900603
180 174 947737666
178 175 506682559
176 175 544412583
179 177 802377280
181 182 975046135
180 178 233845615
180 179 782800521
181 178 18421329
181 183 406705214
182 179 238866738
179 181 768816990
183 180 227089913
180 181 599087825
184 183 693679039
183 182 765381470
185 182 29170164
185 182 268188744
186 184 880882183
183 185 949613146
187 184 866264690
187 188 659726028
188 186 524379666
187 188 481192383
189 188 125770374
189 188 746112534
190 188 514567389
191 189 44397254
191 189 776375122
188 189 524731433
192 190 156578714
195 193 402874975
193 190 197497046
195 191 929519769
194 191 120346998
193 194 600435261
195 193 511067410
196 193 789473129
196 194 432076656
198 195 184124757
197 196 354409261
195 197 331922957
198 195 726336239
196 201 778859334
199 196 375702703
198 200 166681932
200 198 615144515
203 202 274665356
201 198 452557991
203 198 690246562
202 199 257341785
201 202 156832202
203 200 407943288
203 206 657729168
204 202 166294491
201 206 589400124
205 204 290154970
202 206 967367534
206 205 549349340
209 208 24355437
207 206 273235969
209 204 80651241
208 205 1991907
208 207 419718654
209 208 503568055
211 207 846887594
210 207 854456185
209 211 571304283
211 208 552506967
212 209 567745389
212 211 172092912
214 215 651008356
213 210 289096607
215 210 600501270
214 212 292659705
215 211 60466869
215 213 152611958
212 215 641960817
216 214 419729331
218 217 997047324
217 214 805984292
215 220 141179595
218 215 176007315
219 216 865591482
219 216 217387063
218 220 188542818
220 219 157524965
217 221 46463229
221 220 85729789
220 222 407622149
222 219 376329993
222 224 977503057
223 222 789539012
220 226 64377986
224 222 542061151
221 225 882834025
225 223 673805429
224 228 182222491
226 225 67415625
224 225 437383499
227 224 565802341
228 227 158273521
228 225 69431503
229 228 813819797
229 226 982266553
230 232 797141712
230 228 988105073
229 230 520834058
231 229 477267547
231 233 694000055
232 230 416241071
234 229 577408825
233 231 416586628
235 234 677200493
234 231 807917283
234 231 48065201
235 233 82725392
232 233 709956942
236 233 639289185
234 237 678287996
237 234 710204705
235 238 702727166
238 237 897414582
235 236 579957908
239 236 741060221
240 237 369956830
240 237 472591073
240 243 489890739
241 240 524895368
240 241 17734933
242 239 393164468
244 239 426528705
243 242 943573945
246 244 789857933
244 241 5596923
244 243 313516872
245 243 352184731
247 242 238666408
246 245 243051352
245 244 952192467
247 244 64171138
250 245 632400329
248 247 283990024
246 249 242467467
249 248 271521322
252 251 104396992
250 249 427147010
252 247 362734415
251 248 968558071
253 248 294871936
252 249 875993640
254 251 602923082
253 251 41758537
254 256 107907752
254 253 912745094
252 253 725331604
255 252 28059041
254 256 22251621
256 253 959665447
256 254 360464677
257 255 746389045
257 260 106755913
258 257 746941419
260 257 111360206
259 258 38372663
258 257 599037501
260 258 152220645
261 263 801266207
261 260 418233944
259 264 804040723
262 261 474129796
262 261 437708944
263 261 734932577
264 263 367957765
264 261 668751375
266 263 188858897
265 262 595728993
267 264 98034482
266 263 913541915
268 269 349779528
267 265 474746275
270 264 287403613
268 267 110438266
270 271 487652862
269 268 618228109
267 269 704983493
270 269 320169128
267 271 634030422
271 268 244519264
274 269 244514045
272 270 931443943
271 272 173069664
273 271 918446918
276 273 559344626
274 273 335051375
274 277 137368963
275 274 584361096
277 278 370868678
276 275 146708015
274 273 682870748
277 275 530315435
274 280 752925691
278 276 515780309
279 275 451172590
279 278 439315836
276 282 526293705
280 279 985437330
277 280 257828185
281 280 900000012
279 281 358236973
282 280 946932157
281 280 555971507
283 280 568218622
284 286 49216760
284 281 772901639
281 283 101485744
285 284 332082701
287 284 601485386
286 284 323825185
289 288 717641857
287 284 735599817
286 287 817574978
288 285 930723899
289 288 836022543
289 288 305717408
286 287 860282052
290 288 104373035
288 290 291778349
291 289 13207592
290 293 65710336
292 289 547130815
294 290 605031105
293 292 127417563
295 296 787179228
294 292 867408088
292 296 806113397
295 294 543412864
296 292 446170811
296 295 104777351
295 296 307122023
297 295 102097055
296 298 850345138
298 295 64316593
298 299 15352888
299 298 193081069
298 300 93359189
300 299 784545466
303 298 365745637
301 298 399573534
298 300 272506926
302 299 48448307
299 303 20408614
303 300 750196864
300 302 651093348
304 301 833506100
301 305 366148354
305 303 184730865
308 304 510433440
306 304 349002713
306 303 404196267
307 304 660980243
309 310 428124146
308 307 238806528
306 309 44253538
309 308 702436821
311 309 155941453
310 309 85508069
309 308 136602687
311 308 568677707
308 313 914529084
312 311 680571398
309 312 931187736
313 312 265438762
310 313 166442790
314 311 961972216
312 314 316048531
315 314 365324226
318 312 779199763
316 315 246984851
319 316 167428471
317 315 134051527
320 319 388602007
318 317 874186334
319 315 990271669
319 317 133652048
320 317 586172064
320 318 913632011
321 320 319600824
321 320 96370597
319 324 329472692
322 321 436912094
319 323 133424695
323 320 69207476
323 321 273012116
324 323 127474830
323 327 495422434
325 324 217380903
326 327 39536632
326 323 302696429
325 329 817555853
327 324 402522849
327 325 881350116
328 325 270171255
326 330 131174951
329 326 752378959
326 331 88455054
330 328 822458848
331 332 593674973
331 330 398909642
328 332 615491579
332 330 903370516
330 332 18712698
333 332 740852097
336 331 554716670
334 333 875946937
331 335 958087127
335 332 982825813
334 333 866909306
336 335 729006087
337 336 564625394
337 336 343006774
340 338 472646540
338 335 624584144
337 338 887719021
339 336 291587141
339 336 828315062
340 337 602326250
337 343 568449917
341 340 127495779
342 338 584226964
342 340 721521724
340 342 535796823
343 340 754132432
340 342 529223406
344 343 956114518
341 346 188707546
345 344 803391073
346 347 837251880
346 345 771675623
343 345 738706484
347 346 517779174
349 347 85274901
348 345 18145369
345 351 195234438
349 347 732107488
347 349 526865934
350 348 595946502
350 347 433574893
351 348 896361232
349 350 890553770
352 349 81204672
354 353 416049579
353 351 994689556
352 355 846612653
354 352 29575487
353 357 849440488
355 352 506995005
356 352 99225428
356 354 353810406
353 359 517849342
357 356 641602830
357 354 25766525
358 355 469463652
360 356 136921815
359 356 495327167
360 356 509081947
360 357 802469099
357 360 279143402
361 360 692734898
363 360 257134081
362 359 127583972
359 363 295572367
363 362 834454291
360 363 485453951
364 362 61436046
363 366 818185294
365 363 166083963
364 368 263771243
366 364 165650272
369 364 24344962
367 365 436894197
370 367 139345948
368 365 488426270
370 367 57542203
369 368 781126391
369 366 346172966
370 367 796407815
368 373 252477161
371 370 858164756
370 368 150947266
372 369 425695173
374 373 480910263
373 370 484275800
371 376 376782472
374 371 210407115
373 377 163292627
375 372 814877139
373 376 274720883
376 374 332850734
379 373 173531416
377 374 329042669
377 379 377560857
378 375 27436360
378 375 14505886
379 377 145647528
382 380 364345137
380 378 941825441
379 377 570249165
381 380 385533096
380 383 399300105
382 379 312894611
382 385 577554280
383 380 220455538
384 380 984228047
384 381 428109127
383 387 15008808
385 384 20838317
385 387 274466427
386 384 89510685
389 384 869944876
387 386 274202708
389 384 808388292
388 386 461606043
391 390 166903804
389 386 44222141
386 390 644438871
390 387 422451694
389 392 300220272
391 388 485519825
388 391 901342179
392 390 180115808
393 392 81006034
393 392 41856337
393 390 301888355
394 392 408820782
393 394 625570219
395 392 637672901
398 392 778041690
396 394 210715747
398 393 10821655
397 396 171791109
395 394 669007473
398 395 312658125
399 396 703279950
399 397 348546042
401 399 252343447
400 399 760780181
397 401 196998198
401 398 323474587
400 402 588618587
402 399 357641509
405 399 40698037
403 401 298647879
403 406 295590799
404 403 561806113
403 407 868654327
405 403 788077307
402 404 476948076
406 403 305255206
405 403 31210784
407 406 884148853
408 405 111628988
408 407 29362621
407 411 807077084
409 407 342254980
408 407 973060599
410 408 73605364
412 407 797260023
411 409 630589766
414 413 830732726
412 409 471237665
413 410 646199680
413 410 772758669
411 412 942311826
414 412 215746484
415 412 579020648
415 412 400443594
415 418 837159216
416 415 870919241
418 414 729852564
417 415 463562876
420 417 145131597
418 417 455790412
421 420 500938545
419 417 796227217
422 420 142573451
420 419 765838678
420 422 499539730
421 419 828167644
421 419 180288328
422 420 155564005
424 420 594367515
423 422 482067536
420 425 53737330
424 423 278870071
422 426 29168100
425 422 511713081
425 423 735710735
426 425 467684921
426 423 804813339
427 426 49861786
425 427 899440477
428 427 273900108
431 427 455074554
429 428 56691411
429 430 785025767
430 428 183827781
428 431 522157395
431 428 84211109
433 430 27058479
432 429 170197963
435 431 547513389
433 431 779278493
431 435 549411452
434 431 588637377
432 435 192722685
435 434 170040622
433 435 463018541
436 434 47378134
438 433 522079978
437 436 11270704
437 438 256716005
438 435 516392775
438 440 496401721
439 437 40694634
436 438 260897427
440 439 515172037
441 440 475726259
441 440 28227970
441 439 943838211
442 441 456772313
443 441 392845971
443 442 353443645
442 444 485239249
444 443 203879131
444 447 103879623
445 442 482443209
442 446 900970956
446 444 203501081
447 444 49105270
447 446 791936669
447 450 780880080
448 446 96007582
448 450 332631115
449 446 822233514
449 452 304224400
450 448 789254326
451 452 70641160
451 449 685968836
451 452 58166949
452 450 28196704
452 450 942531083
453 452 969911768
453 451 437058200
454 452 670570041
454 452 605822521
455 453 73225813
457 453 471904458
456 455 903392571
457 455 456857809
457 456 8295849
460 458 374660369
458 455 551951455
460 455 864291359
459 458 312619692
460 461 419008486
460 459 464072308
459 462 738803798
461 459 80710778
463 462 617736588
462 459 204238747
462 464 223520206
463 462 869053447
462 463 129897728
464 461 55286500
466 461 189561042
465 463 47702686
466 467 684542404
466 464 581102866
466 464 94592314
467 464 670720049
467 466 531598964
468 465 338937873
470 471 130146358
469 466 344087968
470 468 27685293
470 468 21926347
471 472 195791545
471 469 304621333
474 473 707176778
472 470 231512362
475 474 849130755
473 472 431778119
473 474 139537527
474 472 405694348
477 476 363487071
475 472 334396618
473 476 117228785
476 473 528542291
479 475 318311649
477 475 949286790
478 477 137698867
478 476 55224015
476 480 969212391
479 477 675944882
476 477 30431019
480 477 102310699
480 481 403299212
481 479 621946655
479 480 96358325
482 480 347158506
479 480 700296030
483 482 690775986
482 484 992622742
484 482 626735079
484 485 99829150
485 483 384897159
486 487 407964255
486 483 152645036
486 485 388157608
487 486 44245823
484 488 105854793
488 487 274569851
487 488 465378537
489 488 236741980
491 488 695320368
490 489 739423937
487 491 838637926
491 490 934827716
489 491 675884118
492 489 132300426
491 493 482882172
493 490 312326795
493 491 922583767
494 491 372332215
492 493 743015021
495 492 461807268
496 493 33995723
496 493 238351629
498 493 904028932
497 494 93459927
499 497 721709222
498 495 332472411
498 499 303008013
499 496 415364684
501 497 393991225
500 498 195424974
499 500 769635670
501 498 520522490
504 500 17748782
502 499 602452506
505 501 11892193
503 501 745746041
506 505 250997611
504 502 297601529
506 503 341333558
505 502 846027417
505 503 434752966
506 504 778582811
506 508 702190574
507 506 215289298
504 505 635211539
508 507 485188549
508 505 329560638
509 506 172139363
510 506 323494113
510 509 455659209
510 508 177448272
511 509 68326530
509 510 311655158
512 511 176405164
514 513 29221183
513 510 712704645
513 514 453672119
514 513 920093936
515 516 512042683
515 514 791382165
515 512 857808038
516 513 876377994
515 516 711061365
517 514 9566705
516 514 184429347
518 517 19763510
517 518 800186584
519 517 389765259
520 519 383498372
520 519 117501097
523 518 912071489
521 520 644402874
524 520 766866431
522 520 70786955
525 519 311429930
523 520 206677428
525 520 191198233
524 521 562438470
523 522 863747808
525 523 248699148
522 528 419709942
526 525 523099319
524 529 310540939
527 526 803604700
526 530 566660469
528 526 554163643
529 526 507557715
529 526 449975475
526 530 427920354
530 529 443228839
532 527 749431734
531 528 265443001
528 534 204284425
532 529 576907942
534 533 418966940
533 532 834482679
530 531 696879461
534 533 474835535
533 534 326201354
535 533 328967382
533 534 937548335
536 533 420286438
539 533 561441160
537 536 189852409
540 538 595338246
538 536 970974527
537 541 12457557
539 538 305601727
538 542 356485515
540 539 436094926
537 543 992461028
541 538 228161474
543 544 825343944
542 540 900974950
539 544 169062576
543 542 767832004
545 546 463133267
544 541 155339749
542 546 256501818
545 542 793828548
546 543 726864072
546 544 313450863
546 544 388844585
547 545 502348156
544 545 232857365
548 545 917238457
547 546 998302240
549 546 907586528
546 550 26938671
550 548 970172741
550 549 248640852
551 549 136067144
548 551 999349480
552 549 276794108
549 555 66590330
553 552 947848258
554 556 590909119
554 553 591104136
552 556 988177115
555 552 879567250
555 552 167989580
556 554 848704846
554 559 540978263
557 554 36263692
559 560 455802023
558 557 919865567
560 559 535090377
559 558 900251013
561 556 235806717
560 557 631935747
558 562 866847296
561 560 209507019
561 563 427419910
562 560 169917952
565 564 575090499
563 560 595318333
566 565 601092297
564 563 619275228
564 566 911744292
565 564 779747518
568 567 128314041
566 564 392398589
566 569 776131888
567 566 924069046
568 567 212277256
568 567 322425520
571 565 328632358
569 566 673345266
569 566 892552581
570 567 912543085
572 569 87847709
571 568 120386049
569 574 525991158
572 571 8953746
575 573 467286022
573 571 219792326
574 575 553909238
574 573 661333189
571 576 74314878
575 574 144283168
574 578 678238609
576 573 50020567
575 574 139360375
577 575 976699175
579 578 463613003
578 575 142893506
576 579 935310556
579 577 27200352
580 576 230573370
580 577 764752379
580 578 52806810
581 579 796573392
578 579 872991642
582 580 914356012
581 583 115022108
583 580 14857610
581 583 365053429
584 581 176031031
586 583 440242036
585 582 447485670
582 588 687249372
586 584 755912191
586 589 937429551
587 584 610790934
587 584 531529283
588 585 183088350
585 590 782572722
589 586 499047881
586 590 176159891
590 589 767008548
592 593 936025177
591 590 136217856
592 589 497108978
592 591 780859080
589 590 178958022
593 592 734237786
593 595 485053950
594 593 127656059
595 594 852961129
595 593 287285710
596 598 771163466
596 595 334355528
595 598 734637650
597 596 655098528
598 595 646528178
598 595 643643697
598 595 55814392
599 596 276138732
601 602 568192297
600 598 426470662
597 603 673416309
601 598 123164830
600 598 69478656
602 599 404617823
600 599 113868101
603 602 44357427
605 600 375646052
604 601 227213136
604 601 701216548
605 604 98718980
602 604 137243027
606 605 297419033
603 605 458064585
607 606 938808540
605 609 29936120
608 605 8460769
605 606 401256556
609 606 307915592
609 608 878513218
610 608 211041995
613 609 570633165
611 610 959347503
611 613 435068174
612 610 981066882
609 614 60677876
613 610 214054320
614 611 259141284
614 613 673852801
615 613 723392052
615 614 145932343
612 617 487329903
616 614 140896886
614 616 655592508
617 616 256429401
617 615 344989780
618 616 308444351
619 618 637041017
619 616 518790902
617 621 120140938
620 618 137743292
619 621 662125204
621 619 302200691
618 622 415115191
622 621 714025199
622 623 717001542
623 620 692582663
622 626 277158824
624 623 242837983
624 622 222063558
625 622 193449501
628 626 352111696
626 624 40723590
624 625 833922047
627 625 350160319
627 625 828974396
628 627 936448577
628 625 486801717
629 627 534462517
627 629 655540268
630 629 117999900
631 629 114572021
631 630 367347158
633 631 921878173
632 629 995211401
634 632 330493662
633 631 447837519
631 632 507604273
634 632 653273411
634 635 406145111
635 632 574276435
637 636 10425785
636 634 772997072
639 635 409243661
637 634 624354616
637 634 210189207
638 637 136565272
635 640 605943185
639 636 460351214
637 638 912759612
640 639 696518982
643 637 513113362
641 639 984914664
638 640 394364516
642 639 214877059
642 640 438980939
643 640 219205389
643 646 443618135
644 641 109608448
641 646 274234787
645 643 321375977
643 644 571641133
646 644 427472165
646 647 256698566
647 646 55768237
647 644 447218332
648 645 637744806
651 650 619145680
649 647 7584964
650 651 636414958
650 649 33665216
647 650 306600746
651 648 284966920
648 652 136997456
652 650 180775043
654 653 691510161
653 650 861500124
652 655 477160375
654 652 553792640
651 656 941135250
655 653 502134581
653 654 890233241
656 653 260723910
659 658 632990483
657 656 309228880
655 658 583503560
658 656 58388133
659 655 56162129
659 658 272014424
657 660 569870133
660 658 62790259
660 659 63862804
661 659 323308716
663 661 510370964
662 659 529165885
662 660 63964810
663 661 277351619
666 660 417881672
664 662 162041321
665 663 59110132
665 662 208933267
663 665 511732411
666 663 269859569
666 665 333564478
667 664 757662105
667 670 154781261
668 667 430031224
666 671 74429972
669 668 280954491
670 667 729137679
670 669 158445358
668 667 121213673
671 668 817319525
669 671 102140404
672 669 817489867
674 671 244207575
673 670 731301004
676 674 577986230
674 671 875182819
677 673 229113727
675 673 812743042
678 675 451727094
676 675 443390791
673 677 690010538
677 674 517210811
675 678 223850970
678 675 426074585
678 677 291887007
679 678 48475924
677 676 585703632
680 678 826633480
680 682 341255587
681 678 299622256
680 682 120183529
682 680 381563216
680 682 136888912
683 681 489130797
686 683 186022633
684 682 557471197
681 685 76235200
685 684 963616702
684 683 882793381
686 684 498142190
684 689 892221903
687 684 316686991
688 684 979199325
688 687 762429411
688 690 986686625
689 687 589558844
688 690 787907303
690 688 690552391
691 690 499868954
691 689 594930195
694 691 301102960
692 689 275867763
694 693 915447596
693 692 853310613
694 696 334672609
694 691 18847014
695 693 679438403
695 692 144546942
698 696 320002273
696 693 558944197
697 699 808768044
697 696 898645811
698 695 143191976
698 697 403334346
695 698 822414847
699 697 967202060
700 701 847273755
700 699 479192630
697 699 63269010
701 699 407414326
700 704 806647860
702 701 509249841
702 705 723342502
703 700 520395424
700 703 850538345
704 702 877191570
706 704 879126641
705 703 59548228
705 704 635732845
706 703 694294447
703 704 123686595
707 704 868944123
707 709 609636939
708 705 68002228
710 709 751272382
709 706 430518192
712 707 232961903
710 708 941935300
709 713 310610730
711 708 168255316
709 708 476011420
712 710 193269316
713 711 820601461
713 710 571945765
715 710 853138598
714 711 426774010
715 717 995321522
715 712 733542081
715 718 232376098
716 713 986794118
714 717 758617552
717 715 586273497
717 714 669406817
718 716 390300811
719 715 56296810
719 718 213726307
720 722 247075199
720 718 549480344
717 721 476022846
721 718 52270405
724 721 70632042
722 721 991765195
725 721 309380369
723 720 110880601
724 725 554819359
724 723 69577322
727 722 612488308
725 722 55622698
727 726 248823139
726 724 574340901
728 724 105104156
727 726 857451369
727 729 29547288
728 727 673912242
725 728 547473356
729 727 141360187
728 730 357346224
730 729 114793326
733 732 167988675
731 728 672606761
734 728 116222846
732 731 436893840
733 730 571064318
733 732 762405371
736 733 259473102
734 732 591999491
737 731 186454341
735 734 282013216
733 738 207922739
736 733 64381452
733 739 692981231
737 735 9036508
735 734 748531274
738 736 427901194
735 736 414230608
739 737 292991887
741 738 21984244
740 737 324971261
740 737 898023261
741 740 73853172
743 742 305836825
742 739 358684125
744 745 533442131
743 740 819454394
742 740 757538104
744 743 923062641
746 744 376645291
745 744 945685601
743 744 447963491
746 744 189046926
747 743 127955036
747 745 824794056
750 746 957087349
748 745 75456540
749 750 989654776
749 746 88605261
750 749 389053059
750 749 20243893
752 750 745288801
751 750 836722451
754 749 669438573
752 750 679484499
752 753 410600864
753 750 976048821
751 756 362653568
754 751 293134743
757 752 922246384
755 752 990164857
754 758 38295901
756 755 618318741
757 753 935469287
757 755 4721676
754 758 848049502
758 757 479380407
756 761 261401788
759 758 152817786
757 760 815557054
760 757 534610674
757 763 7337874
761 759 821774242
764 760 843533616
762 761 477331352
765 762 392480778
763 761 214954428
761 760 799085201
764 761 446227661
762 766 270088403
765 762 995106507
767 768 788659916
766 764 220363898
767 766 16669598
767 765 692941799
769 768 97110991
768 765 562412826
765 771 224018726
769 766 90785078
767 770 619433932
770 768 54570169
768 770 21129853
771 768 916889761
774 768 168853806
772 769 541130281
774 771 485799377
773 772 382370046
772 771 208014268
774 773 612151226
774 773 171795315
775 773 14423162
773 778 96976843
776 773 393284302
774 775 447090406
777 776 692988903
778 779 764040126
778 775 946043282
776 780 879694930
779 776 712950958
778 781 213248497
780 779 795975407
783 782 696351684
781 779 825589633
779 778 701181199
782 781 151338559
779 785 214752655
783 782 503142760
786 781 89200413
784 781 921775962
783 782 31079715
785 784 146464841
786 782 133775940
786 784 272403860
787 788 669923562
787 786 702566349
788 784 432257497
788 787 470089612
790 788 52204398
789 788 331939538
786 791 553790743
790 789 60991646
791 792 940114171
791 789 965076910
794 788 268567178
792 790 101407556
794 793 53000865
793 791 830082868
791 796 645592746
794 791 791507802
791 795 493869369
795 793 744058257
796 798 951876182
796 793 323296444
793 798 831035830
797 794 291893513
794 797 784696544
798 796 83927615
795 798 518239604
799 796 171319288
796 799 458054308
800 799 824553550
800 801 818345573
801 799 594588205
802 801 641627957
802 800 83555383
805 801 636364229
803 802 805708901
805 800 158686846
804 803 312778973
802 807 767899084
805 803 532079866
804 803 87528533
806 805 270268156
807 808 449297036
807 806 131397352
804 806 196407876
808 806 998021888
807 810 211642396
809 808 571482094
810 807 482369514
810 809 228588415
812 809 330853917
811 808 58429139
812 809 510849703
812 811 167549811
813 810 865529063
813 811 996981959
811 813 678678409
814 811 374246780
816 817 310058635
815 814 472804081
816 815 54085817
816 814 27984144
813 815 114967699
817 816 258076882
817 816 752659349
818 815 810978890
817 820 298913648
819 816 40551085
816 818 944459154
820 818 31451587
821 822 58765958
821 819 603510338
819 821 895302139
822 820 799818826
822 823 728242183
823 822 624092095
820 823 293440286
824 822 997619456
827 824 39945359
825 824 89417712
822 824 193095522
826 825 464225923
829 826 941451681
827 825 869732603
829 828 844584817
828 825 379216728
826 829 868692692
829 827 386234552
831 829 141526923
830 829 723835756
831 830 943305626
831 829 38229878
828 834 181882171
832 831 916710214
833 832 224895237
833 830 190785261
831 834 86261517
834 831 145052164
837 831 333283849
835 832 194757326
837 835 958319033
836 834 170771632
837 836 827328413
837 834 166558598
836 838 407880213
838 835 477316125
840 841 104684820
839 838 2339723
836 841 906798742
840 838 356810557
837 839 43994915
841 840 486336955
844 843 381213381
842 841 857369843
839 840 767438804
843 841 311753892
840 842 438496053
844 842 632199468
847 841 458155221
845 844 21940683
844 843 723030732
846 844 961406877
849 848 476756399
847 846 186692833
846 849 584778431
848 845 341477460
845 850 814039003
849 846 162368406
847 848 12059201
850 849 215753817
847 848 193081940
851 849 25553760
849 853 267194889
852 849 713629858
849 853 755604424
853 851 362430303
850 854 444612456
854 851 471977364
855 851 489394052
855 853 164216266
856 858 69111012
856 853 761603855
855 858 95827342
857 855 503167323
855 860 269286970
858 855 607289374
856 855 874045996
859 858 278980663
860 856 821226996
860 857 389357257
859 861 896028108
861 859 915543348
860 864 522245823
862 859 785976486
864 860 520526338
863 861 902805288
861 866 9780283
864 861 110340911
861 865 974570134
865 863 683824038
865 867 712937634
866 863 553676408
863 867 169233371
867 864 708670321
867 864 568906085
868 865 871332379
867 865 46244108
869 867 266107909
870 866 969694492
870 869 253637961
867 871 706386281
871 868 865635938
873 868 233514757
872 869 46565675
874 869 311913745
873 870 857526499
870 873 975804085
874 872 256347346
873 871 239341427
875 873 706292165
874 877 67784281
876 875 906881311
875 876 861194456
877 875 283477441
878 874 901865797
878 877 158618397
876 878 399960585
879 876 961493272
882 879 618029524
880 878 896850380
881 879 294411591
881 878 773690194
879 884 931714201
882 879 530355413
885 880 184205549
883 880 296058783
884 880 107468439
884 883 611946596
883 881 898727388
885 883 694763424
887 888 963521820
886 885 274825444
888 885 97718044
887 886 96914341
888 889 103543800
888 885 671827378
887 890 43613984
889 886 623981360
887 892 196042405
890 888 314835788
888 891 677691998
891 890 485440088
889 890 11564625
892 891 87692390
891 893 490655128
893 891 238708548
895 893 993972435
894 891 880425909
894 893 592321187
895 892 49651918
895 893 777240957
