968 1935
1 4 990434626
2 1 643740829
4 2 215739481
3 2 318904514
4 5 573643053
4 2 370422408
5 2 87503310
5 4 636425718
3 7 473204265
6 4 506086575
3 5 418673271
7 5 534989379
9 7 157071117
8 5 189670946
5 8 522584578
9 7 580222210
12 8 734152289
10 8 514322247
13 8 348252576
11 10 499369446
14 9 190097145
12 9 574327070
11 14 435787557
13 11 868847343
13 14 26279416
14 11 767838164
11 15 318022341
15 14 304611309
14 17 702570259
16 15 532349145
16 19 411429264
17 16 358883313
17 15 549891708
18 15 928855788
21 17 642366769
19 17 409897911
21 22 17728773
20 17 860418214
19 17 277130185
21 20 654132451
24 18 631103407
22 20 498314537
24 20 806163889
23 21 385097462
23 26 796115130
24 21 961352511
22 21 620748928
25 22 148125169
28 24 443594427
26 25 388960801
24 29 769991980
27 26 978467665
28 29 675458466
28 25 151198091
25 28 706352789
29 26 319937042
30 27 588000465
30 29 904419182
33 30 881276456
31 30 464925251
28 32 507984697
32 30 983978207
35 30 263692537
33 32 692633488
33 31 274356468
34 31 77244948
32 36 856728588
35 34 825062160
32 36 894481326
36 33 107363178
37 34 873570035
37 35 98715022
36 40 19033365
38 35 548971920
40 36 728312499
39 36 655696559
42 40 112383260
40 37 614346716
42 38 981993854
41 40 242049691
40 42 15038350
42 40 623317456
40 45 519805657
43 42 643728194
44 46 318559887
44 43 225968405
42 45 162520509
45 43 118517630
44 47 859886225
46 43 385465565
48 49 49252567
47 44 716455235
46 45 288401344
48 47 287939711
51 46 868551769
49 48 45435164
51 52 326441636
50 49 146228350
53 50 179665653
51 50 30796104
51 50 733008577
52 51 774803597
55 50 364371906
53 51 194676446
51 52 76557274
54 52 27604472
56 51 500554533
55 53 960472576
55 58 698433492
56 54 169916392
54 58 248259301
57 54 572932980
54 57 977467234
58 57 915266706
60 55 152451190
59 58 858801838
58 60 279140850
60 59 214146984
62 57 348585425
61 60 476052080
62 60 505757493
62 60 886389633
61 60 370256219
63 60 364492103
61 65 833411563
64 62 17601138
63 67 778545460
65 64 727257779
66 62 40999282
66 65 995122235
68 67 476188165
67 64 450645664
67 64 167970221
68 66 948212264
70 68 729647664
69 68 621007291
72 70 466113749
70 69 494911407
71 72 571661277
71 70 776958227
68 73 266413258
72 70 215271417
71 72 772483392
73 72 785729681
72 75 116623009
74 72 732757223
75 74 310491929
75 72 290612127
73 75 893130528
76 75 302015143
73 78 135079348
77 76 307975547
78 77 205658499
78 77 480823813
77 81 237773805
79 76 765849867
81 77 953302614
80 79 644466946
79 78 455667905
81 80 149086767
84 81 775077210
82 79 418804222
80 81 899011899
83 81 634472430
83 85 704480221
84 83 195215013
86 85 749772913
85 83 963409875
87 83 795341315
86 85 799962879
89 85 137920540
87 84 794484386
85 84 8739802
88 87 48515340
91 90 355488238
89 88 135790508
89 86 303048328
90 89 426678663
90 87 697529315
91 89 457488036
90 94 965293414
92 91 91137961
90 92 873963035
93 92 620621399
95 91 395956836
94 91 478231448
92 95 995856095
95 92 276930455
95 96 939914657
96 94 184546526
94 99 500333838
97 95 23668618
100 97 619907988
98 95 763525462
98 95 775849810
99 97 19710074
99 98 264003156
100 98 595915973
101 98 847975238
101 98 548860356
99 104 651329681
102 99 887413187
105 103 19891708
103 100 255457001
100 103 406314071
104 101 103551488
104 101 360533450
105 103 894837567
105 102 589524860
106 103 122096649
105 103 504776454
107 105 722107764
108 110 202261224
108 105 649159888
106 107 794045167
109 107 20225410
112 107 377708911
110 108 412739668
112 109 950890941
111 109 622547891
108 114 334066272
112 110 524769489
109 111 142366411
113 110 462395414
110 116 230575518
114 112 976803649
112 114 504876806
115 113 258395870
114 112 476578208
116 114 380292873
116 113 144700542
117 116 349755808
119 117 325294321
118 115 696532932
118 116 609667159
119 116 33648947
120 117 197517053
120 117 252686898
117 119 453324936
121 120 531089532
124 119 386938602
122 121 859234474
121 119 797564090
123 120 387816632
125 121 24486149
124 121 18519661
121 126 900147660
125 123 711830373
122 125 555228423
126 125 468886530
125 123 902562616
127 126 208176339
124 125 262871217
128 126 434242337
131 126 444073092
129 126 141233262
126 130 657977908
130 129 489072720
130 132 341484143
131 129 129477686
133 131 347858922
132 131 673602961
130 135 982107880
133 130 701596439
134 131 258929214
134 131 71268563
131 135 484203443
135 133 645995744
138 133 97312513
136 133 788342507
133 136 222232983
137 136 784718146
135 140 403031647
138 135 300600699
136 141 823879624
139 137 680095692
142 138 492221393
140 139 264244930
139 143 796934297
141 138 182710976
141 138 122108581
142 140 590152003
145 142 635731230
143 141 714615578
142 144 27236807
144 141 87418766
142 145 86170222
145 144 969553774
145 143 152947781
146 145 938300538
148 146 120306226
147 144 139501152
149 148 87107182
148 147 624801279
148 145 110392279
149 146 575893809
149 150 752048574
150 147 578152118
152 150 688693831
151 148 950744583
154 151 910545069
152 150 279742425
151 149 904584191
153 151 604988465
155 153 11915271
154 153 497584441
156 152 620443540
155 153 351386065
158 153 680002004
156 154 267852372
156 157 659254502
157 156 261367846
156 160 745604162
158 155 623117440
160 161 158466017
159 156 700041685
156 162 847312079
160 157 35411444
157 160 392245462
161 158 802563644
161 163 293530917
162 160 302968992
165 160 199893703
163 160 97865063
166 164 371305453
164 163 529719542
165 162 244211024
165 163 590771764
167 164 15054400
166 165 685597065
163 169 723706525
167 164 917922946
165 168 165346585
168 165 215267434
170 167 735271666
169 168 369952928
167 171 957007360
170 167 172213533
168 169 376688897
171 168 4595724
170 168 871052389
172 169 368797965
170 174 109154955
173 172 191111326
172 175 128187499
174 172 950790038
174 176 851380589
175 173 720835907
174 172 249198723
176 175 59402963
176 174 150495725
177 176 433774448
177 175 510456491
178 176 524750984
175 181 753050736
179 176 708740400
176 182 465726470
180 178 480031689
177 183 677098596
181 178 607559090
183 181 74478803
182 179 373321526
179 181 344331797
183 180 943123338
185 182 730527280
184 183 730819296
183 184 951320036
185 182 709746845
186 185 274936396
186 184 828899835
188 184 653566308
187 184 355988957
187 190 972506457
188 187 747038684
187 190 325701182
189 186 270960540
189 188 731422760
190 189 985481598
189 193 868052723
191 189 914783362
190 189 660812451
192 191 41208493
189 194 764924868
193 191 775948059
191 196 549919844
194 191 862186192
193 196 815202921
195 193 137278536
195 197 955495013
196 193 482747004
198 194 523554495
197 196 350002592
200 195 496229736
198 195 191154705
195 201 20789756
199 196 331778172
196 201 613791356
200 197 444311338
198 203 576109758
201 198 357196691
198 199 572087140
202 199 894297579
201 200 112283916
203 201 218085322
206 203 813418562
204 203 4285843
203 202 234304871
205 203 138423212
206 207 933382737
206 205 990634179
205 203 507916668
207 204 45563590
206 205 423911815
208 207 819611050
208 207 716589738
209 206 744311405
206 207 916911883
210 209 771051488
209 212 330176046
211 208 190547606
211 210 252944204
212 210 541512245
214 212 69793288
213 211 182337877
214 211 164673285
214 211 253801623
212 211 228842421
215 213 737837173
213 217 353461344
216 214 357918640
218 213 708321925
217 214 725441165
220 219 210847639
218 217 139948435
221 215 573848357
219 217 180765528
222 219 255927988
220 219 505245523
218 222 563898287
221 219 254107468
221 223 471706122
222 220 536392775
219 221 738327638
223 220 659093564
221 222 159299898
224 221 160679386
221 227 385748152
225 224 620662240
228 222 280131195
226 224 924581753
223 226 501819142
227 225 802822700
227 229 108782723
228 227 199783978
225 230 901416931
229 227 112133861
228 226 142349405
230 229 930922551
228 230 545641971
231 229 345904008
231 232 295623474
232 229 277607385
232 229 151774670
233 232 871164514
235 231 341897820
234 232 345787003
231 236 239030070
235 232 975496334
237 232 600439534
236 235 215424399
239 236 206020625
237 234 631038814
236 238 76147251
238 235 745604126
236 237 152933284
239 238 934978795
240 238 589599596
240 237 686190552
239 243 83632578
241 239 804520508
242 239 523535569
242 241 101409028
239 243 997582876
243 241 655792295
245 243 78894153
244 243 183564613
247 242 335032890
245 242 498662857
245 244 30846240
246 245 677519461
246 247 90418149
247 245 929663035
249 244 527553187
248 247 623850792
248 251 496341762
249 247 73873303
248 250 365809991
250 247 966653747
250 252 842524460
251 250 661214395
250 252 63751795
252 250 408127556
250 252 292185593
253 252 255827095
251 255 181438701
254 253 443256601
255 256 926925469
255 252 298414538
253 255 221272573
256 253 368368590
259 256 276498676
257 254 49145600
257 258 272848442
258 255 661146244
255 257 690127761
259 256 84637078
261 256 66503176
260 259 626388967
257 262 968074239
261 259 761267711
260 263 252793536
262 261 316208263
262 261 981432166
263 262 388735144
263 265 942025106
264 262 516058780
263 266 638966610
265 262 444132216
265 266 4183572
266 265 101140947
264 267 854230243
267 265 850396338
269 265 442263207
268 267 583212700
271 270 211212403
269 267 215570538
268 270 526726337
270 269 775662912
268 272 158304761
271 270 500631314
271 274 583037771
272 269 206194303
271 273 205410316
273 270 519892194
273 275 759396241
274 271 954277331
274 273 735923954
275 274 627594523
273 274 385963852
276 274 452059303
277 276 798094473
277 274 274329629
276 280 787617500
278 276 530841188
277 280 677659158
279 277 679243198
281 282 631518616
280 279 429754191
281 282 909777687
281 280 555931134
279 284 318601067
282 280 825754400
284 280 104430348
283 280 330663491
283 282 345463923
284 282 756730959
286 284 474448441
285 283 187426686
282 284 749237196
286 284 422022744
285 287 50318206
287 286 37313528
285 289 290629086
288 287 403287127
290 286 483281898
289 288 56383740
287 292 924264126
290 287 245092116
293 289 437233934
291 289 995815619
289 292 813246362
292 290 111874385
295 290 34444755
293 290 624005039
296 290 376827544
294 291 866342448
295 296 863235303
295 293 78413703
294 296 316141199
296 295 861033199
295 297 958307608
297 294 257412154
298 295 641711969
298 297 597220925
300 297 751743873
299 296 985824402
297 296 632593675
300 299 614437332
298 300 888660939
301 298 251614003
300 303 593379050
302 301 874548780
301 302 144208435
303 302 810335263
301 303 20613579
304 301 275773855
307 301 30691168
305 303 569468877
307 302 394002977
306 304 497226529
307 305 180002502
307 306 351344630
308 306 706425666
308 307 241867452
307 305 647512226
309 306 63308516
310 311 649229131
310 307 720639231
311 310 385232077
311 310 178635592
311 313 255961731
312 311 94364417
309 310 528541332
313 312 338655753
316 311 143186386
314 311 971729184
316 317 664153334
315 314 194300550
314 313 819594838
316 313 731371247
318 317 985798978
317 314 577853255
319 320 129831668
318 315 18962907
316 318 195010683
319 317 178135187
316 318 233370054
320 319 255714959
322 319 716338011
321 318 783555823
320 324 542659167
322 319 7947674
319 321 663938219
323 322 66874498
325 322 116522252
324 323 230892541
322 324 238874247
325 324 788623038
322 328 248454515
326 324 94309805
326 329 132077225
327 325 808651320
327 329 790962010
328 327 274687075
327 325 533370468
329 326 432887111
331 329 627893564
330 329 57355089
328 331 486269875
331 328 701056316
328 330 665270502
332 331 498280791
335 333 80136169
333 331 897361356
332 331 687840708
334 332 93744037
336 335 293607247
335 332 265588812
334 338 815868521
336 334 125708981
335 333 213406111
337 336 935911513
335 337 448475284
338 336 54698719
338 337 228995874
339 336 358768543
342 338 736077505
340 339 466569922
338 337 85303198
341 339 228355026
344 342 141595576
342 341 472041185
343 340 257696489
343 341 783256295
340 345 346071573
344 341 938921045
346 343 143624689
345 344 775661827
346 344 808133164
346 345 294747527
344 346 958766072
347 344 418107503
345 344 513020759
348 345 877486144
347 350 715549415
349 347 877516413
348 351 728239351
350 348 170945695
349 350 277579770
351 350 757114265
352 353 691713303
352 351 107923132
351 350 124489766
353 350 699137844
353 350 323945482
354 352 978614601
357 356 782062973
355 354 191224153
353 354 389252305
356 355 170470212
354 358 511429780
357 356 167265764
354 355 986402634
358 357 698059228
359 360 910962877
359 357 874802609
360 362 326585905
360 358 968951780
357 362 436259196
361 358 934575648
360 359 296601456
362 359 211718559
359 361 625684255
363 362 249270998
366 360 904709445
364 363 154063990
363 366 249198223
365 364 898173837
366 363 257279001
366 363 260863338
368 363 550096303
367 365 841785296
369 368 654275292
368 366 572967381
370 368 987121310
369 367 207052524
370 366 567405013
370 369 566109510
371 370 101353615
371 370 640571693
370 373 734494794
372 370 187202049
371 369 224110495
373 372 495289248
373 375 423303997
374 372 547920891
371 375 859272251
375 372 861800675
373 377 634685190
376 374 116253444
377 373 222421416
377 376 118797481
374 376 793979596
378 376 130967095
376 379 446056263
379 376 53098161
376 379 216586217
380 378 515651732
379 380 959520166
381 378 654953340
378 383 301650787
382 380 358799622
380 382 421063083
383 381 915315053
384 381 910456501
384 382 689379754
384 387 521751891
385 382 389871673
387 384 359781673
386 384 998346256
388 389 53894298
387 385 515962598
389 387 722084603
388 386 330861250
385 388 915469993
389 387 83062873
387 390 822820671
390 388 334007399
392 393 691782431
391 390 733138671
394 388 670886410
392 390 869686295
391 394 664351915
393 392 64563361
390 392 857865349
394 391 854387041
394 393 838315889
395 394 774310722
395 392 524634138
396 394 762409420
393 396 297200967
397 394 422058494
399 394 215423404
398 397 379895041
399 395 523122840
399 396 598399132
399 397 989171577
400 398 400006393
398 397 768580607
401 399 92759809
399 400 865217089
402 401 208381643
405 402 246988427
403 402 787045225
404 400 290126751
404 403 71886409
406 402 320594114
405 402 936100399
407 404 671999394
406 403 220698713
409 405 538991513
407 404 77534607
405 408 367636303
408 405 199321638
408 405 79638101
409 408 632517989
409 412 697301349
410 409 549935199
413 412 298654039
411 408 94189329
408 414 711044905
412 410 348926380
413 414 347341785
413 412 735593689
412 411 991273724
414 411 843166561
411 412 610092077
415 413 47993157
413 412 89231965
416 415 254360947
419 416 744628341
417 416 84404661
416 420 791980198
418 415 447294123
418 415 767354718
419 416 281391188
417 418 701011227
420 419 264115918
418 421 450926744
421 418 123595785
422 419 995101833
422 419 315661459
423 422 431413218
423 422 397426812
422 425 704250213
424 421 924589068
425 424 161919481
425 423 909298975
428 425 510550695
426 425 129169648
426 429 467589126
427 425 532847342
425 428 24601686
428 427 639359750
425 427 650956945
429 426 175667063
432 427 204051372
430 429 269967952
431 430 860832511
431 429 724618956
431 430 257708881
432 431 387673743
435 431 866009665
433 432 349873617
430 436 624339875
434 432 741764481
435 433 97330972
435 433 340997637
437 436 865948695
436 435 577395986
433 438 405897303
437 434 942606405
438 439 230244130
438 435 395701924
441 440 34233238
439 437 155294838
441 442 360677850
440 437 571647293
438 441 61509148
441 439 653557612
444 441 699891475
442 441 995219073
442 441 874138339
443 441 38903625
440 441 468550705
444 442 730678519
446 442 509194587
445 442 118705477
445 446 766907172
446 445 854402197
447 448 35009516
447 444 969588688
449 444 257414893
448 447 687173580
449 447 322156585
449 447 134451911
448 452 861105668
450 447 843725059
450 452 49592099
451 449 377731740
449 452 31040336
452 450 38609576
451 449 671502973
453 452 776230582
454 452 224482762
454 451 892829094
451 455 120714902
455 453 718193793
458 455 294911045
456 455 233664910
456 458 765026275
457 455 580799839
455 456 441872244
458 455 637893822
456 458 83889274
459 458 993605860
457 462 2797649
460 459 692224783
457 462 46738700
461 460 3555571
463 461 380049126
462 461 946531745
461 462 326066852
463 462 658224340
462 466 657035099
464 461 256785954
461 462 713781960
465 463 407217052
464 463 162071817
466 463 20402684
466 465 209293931
467 465 463145636
470 465 619744231
468 466 872513588
471 468 984322934
469 468 235462077
468 470 55537673
470 467 706660821
467 469 772869294
471 468 417988719
468 473 297149767
472 469 686252496
474 473 780072228
473 472 362754424
472 473 481308755
474 471 738885668
474 475 145044492
475 472 135170194
476 474 955753935
476 473 822038102
477 476 24374040
477 476 102235988
475 477 694381831
478 477 261866206
481 478 358728169
479 477 680368541
479 480 66468537
480 478 122531041
481 482 324263067
481 480 774643349
483 481 648234352
482 479 320114394
481 485 70937844
483 480 943171095
481 486 608482944
484 481 4453408
484 482 529159859
485 483 175183648
487 482 571065141
486 484 521242850
487 484 151356991
487 485 569502718
487 484 591452369
488 487 454368313
488 491 633321941
489 488 76511698
492 486 377183900
490 488 746035734
491 488 268077809
491 490 592314073
491 492 569693470
492 490 827981064
494 493 947042368
493 492 317709179
492 494 563102542
494 492 264570452
492 496 931618023
495 493 127772891
496 497 261411390
496 493 515648347
498 494 171459396
497 495 271627265
500 499 702740767
498 497 260987454
495 500 442521460
499 496 735695420
497 500 799009442
500 497 874721332
500 499 997146335
501 498 860801771
501 498 896187348
502 500 69440577
503 505 663555162
503 502 815217159
506 501 36828152
504 501 372238642
506 503 770279262
505 502 780292258
506 507 304852237
506 503 903077725
505 507 38530695
507 506 969088894
504 507 390682292
508 507 363989855
509 507 179024539
509 508 744350214
512 511 285482462
510 507 860904980
509 508 227824105
511 509 435768590
511 509 505250261
512 511 244704420
513 509 756920209
513 510 123746113
513 512 995025660
514 511 376786193
513 514 560222698
515 514 446101777
516 515 20637957
516 513 494569407
515 513 855857474
517 514 812342198
518 520 787218250
518 517 11338729
516 519 231228366
519 517 761027055
519 516 68057328
520 517 275279579
517 520 448986951
521 518 65834595
520 521 123433700
522 519 116615971
519 524 659135659
523 520 828849435
522 520 837779408
524 522 24225721
527 523 150134257
525 523 896240574
525 524 118087964
526 524 504256152
524 525 902319607
527 525 596792029
528 529 237514733
528 526 585778515
527 525 86469086
529 527 759575360
529 532 35302363
530 527 199363097
531 530 43777345
531 530 287827237
528 529 352382380
532 531 488088972
531 532 141205952
533 532 832410982
531 530 330489065
534 533 714739416
536 532 515104587
535 532 565246278
536 532 558925765
536 535 163143441
539 535 282650632
537 534 200131114
536 539 877884464
538 537 382898012
537 540 202346916
539 538 774129096
536 542 330600453
540 537 163343827
541 539 888114672
541 538 805709051
540 539 860260489
542 539 441420082
545 541 219267467
543 542 382291296
543 540 922706176
544 541 383618216
545 546 44584273
545 544 674564649
547 548 660349068
546 543 194603029
547 546 263284913
547 545 761643413
549 550 674422854
548 547 220644974
551 547 898713587
549 547 46687557
547 550 207879760
550 548 6696062
551 547 151129550
551 548 105899340
550 548 582432100
552 549 37905672
554 551 570787147
553 550 952233562
553 556 669280289
554 552 422173792
551 556 596993164
555 552 534399681
552 554 16397434
556 555 737489502
554 558 926933203
557 554 851892089
560 558 938578513
558 557 463117365
558 556 140104807
559 557 817523778
556 560 425522600
560 559 723897716
561 560 940926979
561 560 747521470
561 559 618259366
562 559 10598927
560 565 785346248
563 561 919280285
562 560 424162227
564 562 648435072
563 565 635881222
565 563 582255764
565 563 772763111
566 564 302910229
565 566 637326301
567 566 929197713
565 569 193311331
568 566 942871567
570 567 769556349
569 566 372013907
572 566 511191408
570 567 743973249
572 573 598598709
571 569 278859296
570 574 370843979
572 569 244401425
569 570 76532964
573 570 956019167
575 576 989338315
574 571 442833780
571 577 795172371
575 574 877454406
573 574 891675912
576 575 498519810
578 579 228321545
577 574 975469221
579 577 814876216
578 577 23657775
577 580 146215898
579 577 875181962
579 577 587573961
580 579 257541334
583 577 438209680
581 578 777703754
582 579 47804731
582 579 532431925
582 581 917694329
583 581 260704485
586 582 727610508
584 583 5703237
584 581 931591354
585 582 490836462
584 583 7624105
586 584 406441584
583 586 84960800
587 584 134424072
588 586 899805589
588 585 30297864
586 590 161673544
589 587 681531004
586 592 901237208
590 588 549920863
591 587 372466470
591 588 612106137
590 589 279291917
592 589 231404942
589 592 438372543
593 590 593206916
595 591 683906500
594 592 453509287
594 596 567561990
595 593 352397822
592 593 377569412
596 594 283904482
593 595 918435185
597 594 842668307
594 597 534527084
598 595 184254181
600 597 208224299
599 597 851047144
598 597 398145124
600 597 112102191
601 602 98740505
601 598 159479877
599 602 210814888
602 601 805407428
599 602 865408593
603 602 568026902
604 602 242043527
604 603 514241237
603 601 965410804
605 602 134402136
602 608 776197765
606 603 16230002
608 605 42061800
607 604 508949851
609 610 561448199
608 607 838262216
609 608 808808518
609 607 251366637
608 610 383450291
610 608 341320288
612 611 65958944
611 609 910953834
608 610 278241679
612 611 859171989
614 613 984683256
613 610 698612532
614 615 459442331
614 613 849897764
617 616 956103639
615 612 703985448
617 613 968352216
616 614 80087129
619 618 78497216
617 616 272696349
615 618 770381575
618 617 395753005
620 621 809723935
619 618 241681904
620 621 487027619
620 617 191822186
622 623 321345403
621 619 547920792
623 621 20951950
622 620 142211165
621 622 939243251
623 621 50906360
622 626 801484484
624 622 535444161
623 627 364022230
625 622 38280452
623 622 158369553
626 623 640335301
625 629 861432891
627 625 677433241
626 625 748761083
628 626 715448498
628 629 340448822
629 626 670804089
628 627 682600007
630 627 376501064
627 628 100354446
631 629 53095058
630 633 833972211
632 630 8410189
630 631 701468976
633 632 837105127
633 632 167099247
634 632 298342145
635 634 866103303
635 634 746182553
634 636 97661379
636 633 2210914
637 638 14189071
637 636 220582885
635 634 292445689
638 635 879898029
637 638 639233798
639 637 145157734
637 636 678001037
640 637 576554141
643 637 910576915
641 640 944097209
641 638 67019808
642 640 179217094
645 640 895926067
643 640 519571795
643 641 821809578
644 641 636564337
644 641 338128811
645 643 313771883
642 645 815188585
646 643 726081718
643 648 87785541
647 646 824654319
647 646 325469902
648 647 601657938
645 646 802378267
649 648 766361380
647 650 285631446
650 649 624786407
648 650 529257076
651 648 827132168
648 650 933657104
652 651 733424321
649 654 328550508
653 650 781602490
651 650 467820093
654 652 94189943
656 651 979652470
655 654 18303886
658 654 137356012
656 653 824214954
654 655 319222794
657 655 291938613
657 659 228197641
658 655 737178172
655 657 284448172
659 658 802379346
657 659 498530773
660 659 535078914
658 657 577323359
661 658 98107372
658 663 198832686
662 659 283124611
660 661 403785612
663 662 160331241
664 665 641746190
664 662 203107068
663 664 785590937
665 662 704021990
664 662 861786844
666 664 567713661
669 668 74398099
667 666 831982429
667 668 152158619
668 667 310990160
667 669 734383871
669 667 977313575
670 672 623825864
670 668 603998241
668 673 299006942
671 668 214089185
669 674 156930342
672 669 361614082
675 673 561200536
673 671 313305975
671 670 229554079
674 673 246843228
671 676 839349421
675 673 256117618
675 673 680066109
676 674 346336875
675 677 831738230
677 676 446042402
674 677 901801228
678 675 926126627
677 679 392662073
679 677 898778588
682 680 306835713
680 677 273353108
679 678 767051208
681 679 549753968
681 680 301922774
682 679 710153077
679 683 181230950
683 682 725233804
682 686 523011113
684 682 364183818
686 685 185615385
685 682 326306826
685 683 557941148
686 685 947100785
689 686 709782702
687 684 348741559
687 689 979609442
688 687 224392830
688 686 67236780
689 688 335379544
687 690 309980953
690 687 406492044
691 687 827344363
691 689 900399005
694 691 296972066
692 689 950869040
689 694 416766567
693 691 863032457
694 696 828543987
694 692 988569340
694 696 189670141
695 693 322761938
698 694 913169700
696 695 238465326
696 697 604801274
697 696 39532865
696 697 391687225
698 696 997783060
698 700 633429796
699 698 611078058
698 699 874920508
700 699 120421705
700 702 650501979
701 698 222768086
702 699 88507794
702 700 796762282
699 700 500767017
703 701 430680017
705 704 166309315
704 701 18130497
707 703 769744895
705 703 114748050
707 702 430171576
706 705 695084328
707 708 93850952
707 705 527926469
704 710 879523855
708 707 940075580
707 710 727437987
709 708 543928956
710 712 828503535
710 708 363713474
710 709 150561765
711 708 23402302
712 714 571098077
712 711 770070901
711 709 752091062
713 710 589296776
715 716 623822103
714 713 142875560
712 717 767984403
715 714 744269890
716 714 274939917
716 713 991480556
718 719 553163235
717 715 512001733
715 719 74467019
718 715 427602706
720 715 112237389
719 718 455475571
718 719 275995579
720 717 836102464
718 721 329320036
721 718 556813219
718 723 58307820
722 719 858847418
719 725 867235392
723 722 380918096
720 722 752369586
724 721 956656198
727 723 992787147
725 722 791318572
725 726 551350904
726 723 393765540
723 724 63010316
727 725 2972884
728 726 610831274
728 725 50715916
729 726 14266285
729 727 956639357
731 727 45416243
730 729 682768363
731 730 538433737
731 730 393114822
730 734 736644668
732 731 7434436
733 730 100849303
733 732 766472996
734 731 247028958
734 733 384358251
736 737 94789079
735 732 63627819
732 734 723659972
736 734 269917823
734 737 101047644
737 735 660252915
734 737 422063516
738 735 494670834
737 738 689040257
739 736 282005600
742 736 886053813
740 738 438182158
741 743 685348270
741 738 858625083
742 741 437979086
742 739 563206617
745 741 294113720
743 742 745530429
744 745 189594318
744 743 164472106
747 741 239553728
745 744 192384749
747 745 92635640
746 743 729080499
746 749 236655398
747 744 762397581
744 748 267058268
748 746 848766821
746 751 268397081
749 746 910109480
749 751 220998917
750 747 132747280
752 747 190054629
751 749 172407590
749 754 262791844
752 751 354245556
754 752 771753117
753 750 127528094
751 755 47907661
754 753 813958037
753 752 212249639
755 753 284823056
756 755 342534661
756 753 63579847
755 757 767593325
757 756 58787493
754 759 308272491
758 756 941432516
755 756 229966253
759 757 625707431
759 760 884351054
760 759 232892697
759 761 297524205
761 760 594782214
761 762 669943810
762 760 275577735
761 765 592729281
763 762 824222984
763 764 341796444
764 762 315859686
765 767 997134506
765 762 687109619
764 766 120914145
766 765 137435867
769 766 719771277
767 764 226741655
767 768 712941873
768 766 303867024
767 769 304157320
769 767 927876282
770 768 670120542
770 767 940973075
772 770 539877794
771 768 815818330
768 774 896181563
772 770 307326331
770 772 951838845
773 771 79738935
770 772 425287617
774 773 871892605
774 771 707283231
775 774 58801514
772 776 204147923
776 773 274656864
777 776 873108093
777 776 939054198
778 776 766437139
778 777 355101823
776 780 702882579
779 778 282041322
778 780 652670828
780 777 969668927
777 778 164787024
781 779 407854164
780 779 87518121
782 780 469584987
781 782 536871162
783 782 286070895
784 785 761910019
784 783 24575270
784 785 217436555
785 784 194169428
782 784 888123355
786 783 93876018
784 787 130728981
787 784 363076984
784 788 548324752
788 785 773629248
787 789 987745441
789 787 547531270
787 788 827719975
790 789 10684444
790 793 545847830
791 789 937981636
788 790 220564453
792 790 133458127
793 790 730674297
793 791 436730861
791 795 854958262
794 791 254155513
795 792 67183112
795 794 463145068
796 794 78914033
796 793 583124192
797 796 577993592
797 794 842931893
798 797 829800939
798 796 876969024
798 796 755176912
799 797 359155001
798 796 218438629
800 798 459706910
801 798 137322395
801 800 914318670
802 801 773996543
802 800 949598810
803 802 936522755
803 802 471059185
806 801 17132854
804 801 935256815
804 801 816642965
805 802 80218726
808 804 875850783
806 805 531241517
804 807 57991210
807 804 806660498
808 806 353097115
808 807 602633921
805 808 82497509
809 808 363205975
806 807 32828782
810 809 253231617
813 812 453057057
811 809 136908903
812 814 419539421
812 811 451268801
813 814 378197298
813 810 49815422
815 816 173586391
814 811 266792994
812 814 164701469
815 812 580676787
813 814 195295981
816 813 657724052
815 817 286910544
817 815 296635231
819 816 274387379
818 817 95719799
816 819 77444073
819 816 265993217
818 816 122747573
820 818 724553955
821 822 773840143
821 820 655648083
822 823 483143674
822 821 211610739
820 824 424265533
823 821 563764046
820 823 470652930
824 822 333704267
824 821 602133053
825 823 489093532
827 826 388793858
826 824 808279457
825 829 84946497
827 826 676323428
825 829 418299292
828 827 148463578
825 830 375399079
829 828 652089700
831 828 287544438
830 829 584558427
833 830 600937546
831 828 366727434
833 829 436310207
832 831 745908773
830 829 439750012
833 830 196329679
830 833 81291792
834 831 13322247
835 831 598172398
835 834 57110353
836 832 509251728
836 835 351791704
839 836 752875468
837 835 346401719
837 835 136583391
838 835 9436356
841 839 918204119
839 836 905341822
836 841 396026917
840 838 243240272
841 843 411122268
841 839 817564265
843 839 48257918
842 841 827226068
841 845 612424652
843 841 288499326
843 845 210562580
844 841 236664791
842 846 28469228
845 842 996443867
843 847 668757535
846 845 452673745
844 848 745651817
847 844 803464770
846 845 882317898
848 847 819721646
846 851 977054503
849 847 973832365
849 850 416394351
850 848 303278061
852 851 181452091
851 849 372034371
849 850 6695819
852 851 376322305
852 851 101805332
853 851 24305546
850 853 797434985
854 852 30240158
853 856 647655698
855 853 966705955
853 857 102099796
856 854 713416959
853 857 831129587
857 855 224435477
859 858 573727051
858 855 92287745
858 856 59514467
859 857 291353702
856 857 637375285
860 858 500220926
860 862 966722445
861 858 157914197
860 862 992859489
862 859 660236428
862 860 609457272
863 860 803790433
864 861 899362166
864 863 43955007
861 867 190538966
865 862 517837483
864 866 392321
866 863 322957002
866 869 524305969
867 865 256024098
864 865 770188114
868 867 83532226
870 869 220437593
869 868 372607655
871 870 343137684
870 867 845908260
872 868 715891353
871 868 100195588
870 868 241467208
872 870 265225796
872 875 995402275
873 872 517831355
871 873 877592087
874 873 472879810
873 876 909525825
875 874 902475524
873 877 169451348
876 874 361408970
873 876 892839821
877 874 164075918
875 877 924527969
878 877 9901583
880 876 782462286
879 877 65137794
880 878 622604799
880 878 112567617
882 878 3817875
881 880 792946179
883 881 981045094
882 881 413842478
880 882 470027513
883 882 49693566
885 884 734528552
884 883 157508885
884 882 547131508
885 882 317098875
886 888 37369999
886 885 91719425
885 888 708962105
887 885 757791146
890 884 769302275
888 887 56356185
890 888 143699930
889 888 76697546
886 889 743424549
890 888 674450477
890 891 808829345
891 889 536702673
892 889 147732031
892 890 325043859
891 890 482028440
893 892 690863026
894 895 31233438
894 892 862169331
895 893 565543758
895 893 787514217
892 898 821105238
896 894 743744094
896 894 503280463
897 894 351491987
900 895 461785838
898 897 392644763
899 901 933384769
899 898 384285397
899 901 653612404
900 897 477639072
900 902 989709477
901 899 261854835
903 902 101579100
902 900 130515180
902 899 931191520
903 901 595765445
902 906 956856398
904 901 312601936
904 902 110402871
905 902 120835905
908 902 915022490
906 904 896741155
906 907 227498375
907 906 372046188
906 910 848154916
908 907 641657641
910 905 920044186
909 907 198741115
911 912 16576484
910 907 100500878
910 913 282191999
911 909 104602096
913 914 588209475
912 909 31442349
913 910 780458208
913 911 148514922
910 911 205856651
914 913 151249358
911 915 673291313
915 913 434475005
917 913 126325492
916 913 859025467
919 913 263036515
917 915 676984326
920 919 656999972
918 917 686357987
916 920 87938021
919 917 191875450
919 921 346118560
920 917 760633820
923 917 156027190
921 918 592063624
919 922 744551825
922 919 965380014
919 920 50059449
923 921 74400996
921 925 388581544
924 923 996465297
925 924 606276657
925 923 273017369
927 925 741246370
926 923 649778305
929 928 9488825
927 925 119584605
924 925 525630001
928 926 29089071
927 929 847310636
929 928 323347193
929 931 679706134
930 928 267407971
933 927 289493774
931 929 224149978
932 933 871627846
932 929 783973584
931 932 986594970
933 931 206273116
934 930 156102917
934 931 733995129
935 937 939754913
935 933 643742530
935 937 379028734
936 935 748762525
936 933 864989337
937 934 386316124
937 940 900980215
938 936 224779769
935 939 503728126
939 938 518737621
937 940 176536568
940 937 202693200
941 938 29948392
941 938 350615493
938 942 527123165
942 941 525461226
941 942 79040960
943 942 520695818
942 943 949577204
944 941 76946475
946 941 48228994
945 943 434105183
948 947 192573498
946 943 192833574
948 947 22896607
947 944 278373475
945 950 112791422
948 947 350488487
951 945 133937275
949 947 898600341
949 948 151497182
950 948 242891248
953 951 754756687
951 948 339329037
951 954 280466528
952 950 940398628
953 951 453208924
953 951 258277418
950 951 291279239
954 953 815447486
957 951 865622783
955 953 839037574
958 955 952621485
956 954 24870149
959 958 44468950
957 954 847015594
960 955 179509102
958 957 509895985
959 955 526297649
959 957 283566491
957 959 585249660
960 957 334198368
962 963 570797246
961 958 645357399
962 960 736569074
962 961 605630865
962 960 59321379
963 961 2227801
963 961 51762738
964 961 637775301
966 965 716042529
965 963 391951028
962 967 851202917
966 964 437705174
968 965 541245501
967 965 123502844
964 968 980598035
968 967 382821077
967 965 798994537
