951 1901
1 2 554044308
2 1 7400884
2 5 15902793
3 2 439895326
2 3 25507453
4 1 748327025
5 6 663587003
5 3 264615157
2 8 625383368
6 4 284295712
5 4 659808452
7 5 457660138
5 9 322949255
8 7 799672032
11 10 467669549
9 7 444660380
10 12 541876758
10 8 614634406
12 8 82422386
11 10 333381236
9 13 177209807
12 9 410358277
12 9 676873316
13 10 980028054
14 12 807753412
14 12 65250351
13 14 350956972
15 14 62960156
17 12 690869759
16 14 331605210
17 18 624082904
17 15 158384438
14 20 891155898
18 15 766733788
18 15 941950508
19 18 572810510
21 20 790550190
20 17 555559224
18 19 439606099
21 18 955973628
19 21 250146595
22 21 446741888
25 21 875460017
23 21 411441198
22 25 266645146
24 22 229997549
27 23 160913263
25 23 353124796
22 27 610034065
26 23 928260233
26 27 993685516
27 25 241879330
26 24 312989860
28 27 474547084
26 29 259086698
29 28 266011850
27 32 9036406
30 29 429979945
32 29 145231767
31 30 326804001
29 33 764489581
32 31 369171205
32 30 204805192
33 31 524967473
36 34 323900035
34 33 218885679
31 33 893900685
35 32 941815170
38 32 482896776
36 35 599550525
34 38 255328911
37 36 142197484
38 36 439807844
38 35 42611342
39 38 941451820
39 38 236718869
41 40 992763769
40 38 983184197
42 40 91074305
41 38 758659871
40 42 456443063
42 39 67037802
39 45 60967089
43 41 290075117
40 44 256927989
44 43 299970829
44 45 574123309
45 43 979147949
47 42 177120232
46 43 399293462
43 44 176087392
47 45 166824387
44 47 909909263
48 47 58853987
50 45 229547968
49 48 541531521
47 51 475670054
50 47 343457285
48 49 290960353
51 49 960008597
52 49 185970823
52 51 165918040
51 52 410629004
53 50 376714530
51 56 468754450
54 52 168972573
54 57 99616051
55 52 382759583
56 57 162265952
56 54 58486306
54 59 322785464
57 56 280902031
58 60 253418841
58 57 324411098
58 59 526388769
59 57 656660004
60 62 541458477
60 58 220252604
63 62 390939138
61 59 9208274
64 58 550736803
62 59 491286955
60 62 994994387
63 60 362103711
65 66 991651658
64 61 66879586
65 62 71557835
65 62 258147337
63 62 280863248
66 64 399893505
64 66 160519433
67 64 71842832
65 67 288536381
68 66 878917010
68 67 212113523
69 67 348124154
70 69 50099842
70 68 383634564
67 71 847632624
71 68 540277274
71 70 856789694
72 69 154247157
74 69 999780458
73 72 19988790
74 72 509115723
74 71 659898524
75 74 762191664
75 74 430106921
72 73 225246599
76 75 430941137
73 78 866629802
77 74 529945133
76 78 672063705
78 77 894436632
78 81 31714755
79 76 498316241
77 80 408711214
80 77 76810655
81 82 578774164
81 78 221877525
80 81 832391675
82 80 810711630
83 84 525215953
83 82 111624429
80 86 741274694
84 83 284196960
81 85 645524328
85 82 568171833
88 83 85524237
86 83 976822580
88 87 261790254
87 84 298263029
86 87 447557291
88 85 4810295
87 90 246889725
89 88 395615461
87 91 680974956
90 87 398117617
88 90 873624108
91 90 483708331
93 90 10295812
92 90 343317068
94 95 513511239
93 90 795437583
91 94 383666324
94 92 804672763
92 93 640220965
95 93 850574465
96 93 510042447
96 93 168749892
97 94 830690780
97 95 65843298
97 95 313650023
98 96 888918458
97 96 8946380
99 97 893849506
102 100 99293027
100 98 782320411
102 101 27756903
101 99 964896133
104 98 620628432
102 100 609119868
102 103 259271181
103 100 678228402
106 104 909780850
104 103 48340174
105 103 214804924
105 104 264629493
104 106 232351669
106 104 585711768
103 105 91557352
107 104 651557072
105 109 229301217
108 105 971780399
111 107 507411726
109 107 64647818
112 111 832218517
110 107 186840405
111 107 557193024
111 110 247233851
111 108 284168670
112 109 448350563
109 115 628480300
113 112 375752836
115 116 935528976
114 113 563329886
115 113 179165499
115 114 443924266
118 116 201341168
116 113 655325003
116 119 152578947
117 116 570765294
117 120 307771775
118 116 570731790
118 116 366670294
119 118 407661179
116 120 126320798
120 118 761725419
117 123 257542002
121 120 136797899
123 118 52994897
122 121 554767267
123 122 356200372
123 122 925558276
126 125 751166932
124 122 252757291
127 122 152863829
125 124 210255296
125 126 882160067
126 123 974739439
125 123 836275656
127 125 290097790
129 126 94365086
128 126 109619679
129 127 938362428
129 128 635547470
128 132 216804780
130 129 131628124
128 127 408420987
131 129 68568096
129 134 923293891
132 129 768925963
129 133 92585808
133 131 9513441
135 131 822606792
134 132 719167223
131 132 48515714
135 133 348318327
132 136 87415706
136 134 591925400
138 135 222816894
137 136 120856634
135 134 742351933
138 136 422774221
135 139 240943467
139 137 941724601
139 140 321366371
140 138 611828836
138 142 920634529
141 139 77705732
144 140 745358969
142 141 564500793
140 144 398052570
143 141 882454039
145 140 621380027
144 141 202520979
142 144 980063421
145 143 323076122
143 142 241899663
146 145 257244489
145 146 834251228
147 145 960519573
146 147 66154008
148 146 202701564
151 146 994187401
149 146 599698454
146 151 769397023
150 149 537281656
151 153 786729818
151 148 19761446
151 149 944994370
152 151 160672119
150 154 617748406
153 150 398120462
155 150 802423035
154 152 460572398
151 153 835777803
155 154 599960806
156 158 627394839
156 155 113581381
153 154 6405883
157 155 800234180
160 155 130232040
158 155 833420677
158 156 181929701
159 157 239815539
162 158 417644505
160 159 985336568
163 158 188285257
161 160 610086979
161 158 301609981
162 159 65115187
162 161 770510181
163 162 252602667
160 162 301548829
164 161 511873707
161 167 977712907
165 164 970233808
166 163 403783210
166 163 356882206
164 165 497537983
167 166 176090808
168 164 734266585
168 167 627357633
171 165 608490041
169 167 920738
171 168 148383168
170 169 854882437
172 173 662431784
171 170 924189708
174 168 475688875
172 170 526252241
172 175 374815560
173 171 298549749
172 171 525033628
174 171 697155036
176 175 478430828
175 172 231889310
178 173 932259583
176 174 146310737
178 175 875647515
177 176 109758628
175 174 127489166
178 176 4797538
179 176 653150895
179 177 1522900
182 180 594047013
180 178 656797419
180 181 446873259
181 178 958643679
183 180 36297541
182 181 88632942
179 180 923677545
183 180 165250011
186 185 615001724
184 181 444579468
186 185 742255733
185 183 6757388
184 182 206381128
186 184 264738366
186 183 85015829
187 184 105277788
185 184 633689892
188 187 112557740
185 186 600980081
189 188 116903626
187 186 162090921
190 188 692888516
192 188 217593849
191 189 33850331
192 194 340048942
192 189 100903916
190 194 103528739
193 191 818525651
196 191 814939083
194 191 804499573
192 197 833043830
195 194 75608123
198 193 342431237
196 193 798554202
198 199 183516401
197 195 113831249
197 196 243616974
198 197 917408455
201 197 757054072
199 196 560008178
200 202 627637185
200 199 608965732
199 197 866803928
201 199 517303979
204 203 425743653
202 200 310505778
200 202 763586876
203 202 621660472
203 204 274250316
204 202 868948057
203 202 622158251
205 203 939347195
204 202 421241141
206 204 500715485
206 208 807441337
207 205 618548637
209 210 894273512
208 205 614368372
209 207 465771091
209 206 762602901
209 211 148821602
210 209 487182125
212 208 356346118
211 209 780956896
214 211 96620289
212 209 475169863
213 210 925183142
213 210 190883478
213 211 129494727
214 211 84657110
216 212 433157890
215 213 52917906
213 218 52418938
216 215 165950778
217 219 689988583
217 215 191600174
216 220 800351337
218 216 775563035
221 219 969319407
219 217 958972719
220 217 315148655
220 218 429076986
221 218 944286739
221 220 109177987
223 224 738709036
222 221 143782132
222 221 511722181
223 222 597298389
226 224 632307190
224 223 306517844
221 222 528896595
225 222 48615623
228 226 999731255
226 223 553992068
228 225 31735251
227 224 303579637
228 224 843985257
228 227 777259389
229 228 530778772
229 227 222309800
231 232 449749691
230 228 973319487
229 231 969688942
231 230 325406461
232 234 869047319
232 231 719705296
231 234 205078252
233 230 199916147
234 231 393979556
234 233 63691811
234 232 609090176
235 232 241408463
235 237 224179158
236 235 682925151
237 238 902191044
237 235 650779322
239 240 203553289
238 235 819453932
235 241 640547681
239 237 207297260
238 239 314946765
240 239 888418210
238 239 403201948
241 238 225689357
238 242 381621453
242 241 574758666
242 245 459012862
243 242 734145055
245 246 532879939
244 241 825519493
243 241 138337524
245 242 697369587
248 242 397658165
246 244 685340561
248 245 16462417
247 246 47423669
247 249 853638904
248 245 580673321
245 251 829159704
249 247 524304555
250 247 939174514
250 249 62803036
252 249 662759611
251 248 391080181
250 251 179673462
252 251 649659017
250 252 793203865
253 250 715728757
253 250 395372269
254 253 715523866
252 254 445974314
255 252 335956721
254 258 150234609
256 254 284376175
255 258 219310053
257 254 221125230
259 258 646708009
258 256 151216703
259 260 775111017
259 258 490117902
260 262 59625003
260 257 989058229
259 263 890157482
261 258 931121211
259 262 762693407
262 261 443670896
263 259 531387500
263 260 727021311
263 262 773179566
264 261 167680864
264 263 619458467
265 264 678122373
267 265 72707316
266 263 434969943
269 263 255239546
267 266 350332299
266 264 361586575
268 267 279399906
266 269 110375192
269 266 256542426
269 268 709424806
270 267 202154521
271 269 143794626
271 269 363324776
269 271 993191586
272 269 332953329
275 273 375077748
273 270 99121011
276 274 203111144
274 271 872698242
272 277 466956310
275 273 571781484
276 275 326067741
276 273 999808657
273 278 881150956
277 274 163452218
275 277 513287820
278 277 680740358
280 279 822339360
279 278 778480294
282 280 233614654
280 277 156423982
281 280 20674993
281 279 701750598
279 280 124149996
282 279 363104663
281 284 899733964
283 281 350875089
285 281 301711703
284 281 454639783
284 286 700275508
285 284 525855931
282 285 243984070
286 283 342977100
284 283 515724136
287 284 541924959
290 289 838201170
288 285 889145807
291 287 386759385
289 288 469042378
291 289 308324138
290 287 223037929
287 293 528048658
291 289 258005706
290 294 42934998
292 290 774263618
293 295 212537963
293 291 253009220
294 295 840206162
294 292 640952086
295 296 528288805
295 293 76894674
294 292 919266527
296 293 367442280
297 298 727643348
297 295 436184381
299 298 688139170
298 295 510397775
299 297 376134488
299 297 49741037
298 297 45076330
300 299 781763762
300 298 327954437
301 298 418373051
301 300 636324170
302 300 70412532
300 299 613937045
303 300 97938235
306 300 473980930
304 302 231005181
306 304 876893736
305 304 396665995
308 303 219308829
306 303 744890245
307 309 61410020
307 304 664437957
310 304 17472949
308 306 10527161
306 309 336146986
309 306 309083929
308 311 852085967
310 307 760560574
311 310 520047305
311 310 21565006
311 312 693647279
312 310 965742876
313 310 48811853
313 312 890012936
314 310 856176652
314 312 499501562
312 313 704794450
315 314 777113461
317 314 536917226
316 315 407688238
314 316 930100991
317 315 577473677
317 315 324119277
318 317 452475638
315 317 392050429
319 318 774248719
322 320 1752291
320 318 584030876
320 318 359400351
321 320 78428039
318 319 380136702
322 321 485735015
320 323 660248116
323 322 555383063
325 321 546320429
324 322 2817040
327 321 609368151
325 322 735102999
325 328 463455982
326 325 843635516
324 323 803962595
327 325 505528086
330 324 243575972
328 327 785760511
330 326 543625819
329 326 480467060
331 329 928004737
330 327 454327463
332 331 738869804
331 330 606397023
331 328 277361105
332 331 425349597
329 330 887897567
333 330 172649248
331 334 859508402
334 331 940808427
336 331 140454480
335 333 270400947
334 335 302799700
336 334 981538587
336 334 411337254
337 334 83940254
340 338 430098209
338 336 77023813
340 338 190123017
339 336 388431692
339 337 948408245
340 338 183431971
339 340 361028546
341 340 978732885
343 342 667376192
342 341 36873527
345 341 606392754
343 340 608985606
345 343 164963609
344 341 206835940
346 343 676461465
345 342 767165927
343 345 898855790
346 345 95156018
344 349 817401922
347 344 897992499
347 345 634729974
348 347 675630098
351 349 295152921
349 346 230002566
351 346 602976834
350 348 592915483
350 351 405941368
351 348 203314891
349 351 811630170
352 350 285605896
353 354 170026484
353 350 722599108
351 355 53076626
354 352 704945101
356 353 775254694
355 352 194217338
356 352 671125537
356 354 887117226
359 356 817388622
357 354 78626369
358 359 964838822
358 355 165592462
359 358 468135552
359 356 955274114
357 361 423755148
360 357 674360738
360 361 386483409
361 360 829692884
359 362 294188506
362 359 366449462
360 359 33977100
363 362 333865063
366 364 152777830
364 363 382964083
365 366 419615230
365 364 74515484
365 362 612527550
366 363 730132081
367 368 121931634
367 366 595319835
365 368 106702791
368 365 286924054
370 369 981801755
369 368 900170053
368 371 868069903
370 369 434144018
372 370 165456153
371 368 384279237
371 369 500919782
372 371 627529112
373 374 701609429
373 372 908175185
370 372 865471231
374 372 493484314
373 374 160566877
375 374 715696402
373 374 26970079
376 373 716437145
378 379 13593042
377 375 439522952
378 375 196553968
378 375 973659278
377 378 399391868
379 376 672114805
378 382 539583104
380 377 245572341
380 377 410980414
381 378 311873383
378 379 787689699
382 380 637761693
384 381 362724337
383 380 169527808
380 384 57233417
384 381 291366493
382 387 349172112
385 383 276395541
382 383 728964611
386 385 232883654
389 386 491935701
387 386 705843357
385 390 673314009
388 387 227686989
385 387 639329229
389 388 568305981
386 390 425926593
390 389 297023469
387 393 173708640
391 389 115716822
390 393 91303345
392 390 97138131
391 395 121664150
393 391 255528482
394 393 386559202
394 393 426348333
394 392 298704342
395 393 15831499
394 398 184900403
396 395 272615843
395 396 994263210
397 394 197669071
395 397 207069587
398 397 320683899
399 395 697848134
399 397 239872
401 398 235520302
400 397 797887609
397 403 113727190
401 398 871831149
399 402 949652389
402 400 519131378
400 402 809239165
403 401 10346035
404 405 588486345
404 403 51783505
402 407 808788540
405 404 556454167
405 402 705657640
406 405 284845029
403 404 751136190
407 404 434186033
409 404 722366707
408 406 163221949
411 405 493071653
409 407 620096976
407 409 987875650
410 407 208597395
413 408 561022264
411 410 239182487
413 408 240944434
412 409 122166410
413 412 657509055
413 411 991394665
413 415 551530939
414 411 492621777
412 416 967570227
415 413 893456306
414 416 611027374
416 413 717470394
416 419 304897509
417 416 112093437
417 416 436267278
418 416 788981267
416 418 104047459
419 417 486162426
420 421 578845466
420 418 294630320
421 417 969010651
421 418 182380859
419 418 766127564
422 420 2245564
420 423 702612767
423 422 9202105
424 422 901692872
424 422 958117762
422 426 377870122
425 422 680826405
425 422 81620578
426 425 152216467
428 423 60743932
427 424 283844199
429 424 396088373
428 426 343349652
426 431 593237052
429 428 520612543
427 428 663870487
430 429 815573056
427 430 485008362
431 430 777798466
432 429 911142147
432 431 483208657
431 432 879550512
433 432 325139681
432 434 629090192
434 433 391602402
436 432 664678109
435 434 394456621
432 433 847751817
436 433 607722006
434 435 283727310
437 436 96128265
439 438 407695967
438 435 849862834
437 439 483199376
439 436 432810805
440 436 533537522
440 439 710926610
438 437 275394053
441 438 321154216
438 444 10445343
442 441 85136317
445 444 803321930
443 442 114580627
445 443 525289210
444 443 659530494
445 443 45776762
445 444 357378558
448 447 271676966
446 443 457604305
446 443 87329078
447 444 436510360
450 446 709214482
448 446 728332311
451 445 442178375
449 446 5182574
450 451 297408826
450 447 980115586
453 449 132688984
451 449 842436363
453 452 366822397
452 449 919129265
451 453 75113045
453 452 677910458
450 454 748225462
454 451 236811207
452 457 876414520
455 454 787340527
452 456 843646110
456 454 939884125
458 454 638456125
457 455 237034966
458 454 168833524
458 455 69452881
459 457 79106154
459 458 114750259
460 456 744731042
460 457 298343374
463 461 566200617
461 459 161372605
464 458 421301171
462 460 639801125
465 461 579700440
463 461 933598263
466 460 407266825
464 461 734203127
463 467 737295985
465 462 597540366
462 463 859683883
466 464 201132792
465 463 437049645
467 465 430087608
466 467 145601646
468 467 812910656
470 465 991312100
469 466 984367396
470 467 336017929
470 467 846079804
467 472 523454115
471 469 942159371
472 473 352467388
472 471 626518473
474 469 208578628
473 471 310437069
470 476 654568675
474 472 200762960
474 476 36563724
475 472 54957255
472 478 960791486
476 473 529756166
473 478 61254676
477 476 645203249
480 478 75369404
478 477 825300410
476 480 956705784
479 476 476516939
482 479 255388481
480 479 12445253
482 483 455425727
481 480 402626131
483 479 515186867
482 479 138529483
482 481 7566730
483 481 186651783
484 485 65251868
484 483 375953079
487 482 241063088
485 484 450521787
483 485 532168401
486 485 51014904
488 484 896160028
487 485 70019300
486 489 329141924
488 487 926328969
485 489 454401364
489 487 681111982
492 489 192900814
490 488 244867782
492 491 2530544
491 488 472535762
493 489 681693771
492 489 578120852
490 492 445262663
493 490 539734954
496 495 245766828
494 493 764409619
496 493 221704632
495 494 151219173
498 493 872053995
496 494 116879197
499 496 118217019
497 496 143841910
497 500 317687514
498 496 147851708
501 496 621519447
499 496 619200087
496 502 416306619
500 497 759881199
498 502 408501836
501 499 401521280
500 499 439178067
502 499 673283158
502 504 783916870
503 501 270597338
505 500 906562528
504 502 542523910
504 501 46455541
505 504 452282573
505 504 403136513
506 503 157236030
508 504 224285665
507 505 566909698
508 510 417437103
508 506 705501829
506 511 306458909
509 506 117045102
508 506 56558324
510 507 541081687
507 512 561277225
511 509 195518693
508 509 822036440
512 510 7939284
512 511 64475171
513 510 120395961
512 514 685100500
514 512 500168481
514 515 971071309
515 514 248297756
513 516 278362024
516 515 34160312
517 516 103839556
517 515 65288212
515 517 209287616
518 517 903488816
520 516 909483820
519 518 492584917
516 518 690131943
520 518 738202034
517 520 716371325
521 520 195679925
521 524 427765049
522 520 701054278
525 519 99632487
523 521 539660408
523 525 601754661
524 522 393955858
521 527 709813537
525 523 402368241
525 523 283297183
526 525 554481150
523 525 198575848
527 524 726936319
527 525 398653966
528 526 233662461
530 531 890069418
529 526 815703957
530 531 416894567
530 528 437883150
528 532 367795527
531 528 708721474
532 529 714714777
532 529 281128839
534 529 85126133
533 531 409691198
535 532 718914784
534 532 111554351
531 533 54969906
535 532 372683009
537 534 720650422
536 533 11511361
536 538 657421668
537 534 896113944
539 535 956330264
538 536 794463432
538 539 463820022
539 538 586613968
536 539 630341470
540 539 988492665
539 540 198657025
541 538 43760951
538 541 150236266
542 541 549629916
540 543 106542056
543 540 775868242
546 545 794357771
544 543 107685175
541 543 24241152
545 542 473473443
544 547 796368639
546 544 579251379
549 547 112780625
547 546 996308687
550 545 3549587
548 547 243183385
547 548 737528398
549 546 822198752
551 549 826722279
550 548 109314179
550 551 989692242
551 550 98006276
549 552 933940768
552 550 294519631
553 549 365371377
553 550 854034171
554 552 232699782
554 552 318914931
557 554 870663876
555 553 62746155
555 552 982859134
556 555 791617354
559 554 310160039
557 554 320287801
555 559 2093803
558 556 437160237
559 555 344328827
559 557 236041630
560 556 655344332
560 558 214340585
563 557 165359487
561 559 575452854
560 563 402421473
562 560 989158124
564 560 250098378
563 562 649987250
563 565 795732483
564 563 602804345
562 563 4052164
565 563 700934013
565 567 803343969
566 563 12404255
569 563 784577886
567 565 357867423
568 570 562557821
568 565 743310437
568 571 423535590
569 568 177449791
568 570 114674374
570 569 975896765
570 572 416360544
571 569 697709503
572 573 138593827
572 569 995055644
571 569 894746112
573 570 77035935
570 573 702056719
574 573 956900746
573 574 34455728
575 574 139127392
574 578 843580200
576 575 102718915
576 573 411078182
577 574 385668767
575 574 186198861
578 577 38655791
581 578 836584719
579 578 267735737
576 577 750738900
580 578 762375557
581 578 373052185
581 578 463778869
584 578 748836405
582 580 65338010
581 584 984651074
583 581 700537827
584 583 936498884
584 582 169969103
582 583 525421739
585 582 691405311
583 582 533508171
586 583 135339111
586 584 71220452
587 584 699053339
586 585 163938144
588 586 743633281
585 589 600875030
589 587 488213584
590 592 851572361
590 587 943182777
590 593 986706143
591 588 143674915
593 590 823346082
592 589 89314581
592 595 365522941
593 592 586678107
590 594 353327200
594 592 924565043
591 597 388627796
595 593 25293894
594 598 937031215
596 595 105289167
597 595 154535189
597 594 44710038
597 600 964618016
598 597 971290912
598 597 492853687
599 596 461705875
596 598 267365033
600 598 129431069
602 601 238132416
601 600 906044761
602 599 224389007
602 601 651369120
605 601 966993838
603 600 351110605
604 606 985085058
604 602 487070847
601 605 398889084
605 602 340267616
603 602 7110068
606 605 487939885
603 608 928578713
607 604 50827983
609 610 41820830
608 606 281512999
609 610 382177112
609 607 416308640
608 611 733273793
610 609 693780368
611 613 681484718
611 608 514531192
610 611 632036725
612 609 86125053
615 613 573549189
613 610 27747183
614 612 873903324
614 612 657818272
615 612 338323891
615 612 872044666
613 614 880830909
616 614 917675377
613 615 260618065
617 616 290803112
616 615 770673096
618 616 478736831
620 616 583521459
619 617 86972014
622 616 522378770
620 618 2783783
623 620 644933773
621 618 303674039
623 618 194523854
622 619 329622566
621 623 686035932
623 621 33265504
624 626 237990080
624 623 140106980
626 622 142967300
625 622 515721915
622 626 926710979
626 623 857461268
624 629 126992909
627 624 840363312
626 624 464045732
628 627 238535019
627 626 664022559
629 628 61125793
628 631 960673710
630 627 145278953
633 629 6271172
631 629 634715638
632 631 233635683
632 630 678529425
631 633 507663646
633 631 405577832
636 632 767698813
634 632 247219515
632 633 207113732
635 632 291736854
632 637 287800078
636 634 281170004
634 639 779008812
637 636 898622318
634 635 787759270
638 635 82816593
637 638 499470322
639 638 292630986
638 641 649544423
640 638 84894775
642 637 665497690
641 639 554664519
638 644 897746204
642 639 420737639
643 640 269117474
643 640 299770719
642 646 401011209
644 641 374302506
642 646 439733534
645 643 698017094
648 647 39931896
646 643 104232299
649 646 972394837
647 646 390243889
648 649 101343879
648 647 625181471
645 648 576972570
649 647 849988233
646 649 810429857
650 648 809544236
648 651 194268822
651 649 827223871
649 650 643637049
652 650 474214504
652 651 1275836
653 652 579522279
651 653 616617559
654 651 903541020
654 655 50921771
655 652 538769322
657 658 291958542
656 654 285947959
658 656 836652352
657 656 335908936
655 656 621094368
658 656 165089189
661 659 254817793
659 656 614702094
658 662 160875505
660 658 355345283
657 662 409951261
661 658 835135475
661 660 659755699
662 661 498866662
660 661 413364812
663 661 149467531
661 664 802343972
664 663 136942524
664 665 119924606
665 664 884050029
665 663 400354326
666 664 853922681
666 665 529761908
667 664 981794067
669 670 419758207
668 666 257049642
668 671 326700058
669 667 137176795
666 671 175329256
670 667 679490555
673 667 708297986
671 669 958782858
671 670 261340236
672 670 359984421
670 675 489803664
673 670 215674449
672 676 105303032
674 671 997041164
674 672 924582070
675 672 872110673
673 676 680081891
676 674 191290541
674 679 533812458
677 676 395494406
680 677 704599386
678 677 806398069
675 677 124545598
679 676 857066865
682 678 331587118
680 677 628975928
682 681 221799299
681 680 176793088
680 679 108607799
682 680 990712697
679 680 144900726
683 682 587428049
683 682 678398588
684 681 55766205
681 687 759079854
685 682 314037486
682 688 179368677
686 683 937140799
688 686 217536081
687 686 831582142
684 685 235541302
688 685 159681117
689 687 14436238
689 687 582658940
687 689 786099849
690 687 621074407
689 687 669977633
691 689 309791497
693 688 426256693
692 690 105569087
689 694 620787320
693 690 968804291
690 694 834843115
694 692 140228348
693 692 399131739
695 692 682499020
692 698 949080548
696 693 218405912
697 693 711119686
697 694 372582211
699 695 113431716
698 697 157945925
696 695 315575667
699 697 689328537
697 698 579808955
700 697 180902203
697 703 487782877
701 700 993825453
698 700 570139077
702 701 834389308
703 702 536358945
703 701 788246866
702 703 435565045
704 702 831116779
707 703 125496362
705 702 589014547
702 706 229245877
706 704 579822847
708 703 234178919
707 705 437044021
705 710 558824909
708 707 685470142
708 709 177941367
709 707 663068762
712 708 39778653
710 709 355431213
713 707 28000008
711 709 884241502
710 708 505642835
712 709 496204737
713 714 468705904
713 710 39120709
711 714 41346224
714 713 102665879
714 713 354779429
715 713 77526597
716 714 841403534
716 714 414435775
716 719 415623267
717 715 616683966
716 720 563482950
718 716 522766708
718 720 147184064
719 718 80550936
722 720 869911051
720 719 248330462
720 718 205356988
721 720 698862949
722 721 73669028
722 721 89993510
725 724 580006223
723 720 278301120
721 723 987098985
724 721 101197076
723 726 135160195
725 724 697923867
727 724 724117011
726 725 316303196
725 727 786059503
727 725 321168251
727 724 353954740
728 727 166276525
726 727 856608397
729 726 812870549
726 731 142308231
730 729 362057994
733 727 941670014
731 730 65610784
732 730 672131121
732 730 510792048
730 729 711279241
733 730 445529740
736 732 995089652
734 731 963678683
735 736 803621978
735 734 200733697
738 732 847225660
736 735 176561852
736 739 485657578
737 736 753738700
736 739 535627884
738 735 930736298
741 740 986677929
739 737 873315900
740 738 774295189
740 737 560729384
743 742 577007790
741 738 444326194
741 744 903912732
742 741 878730337
745 742 85703093
743 741 37743592
746 741 731065591
744 742 894062535
742 744 963849117
745 742 33118079
743 745 591597595
746 745 37176799
748 747 970552088
747 746 54218925
746 745 487886102
748 746 304517815
750 746 356226963
749 748 605733081
752 748 240012640
750 748 664581160
748 747 680159868
751 748 279531013
749 748 432843757
752 751 15357420
752 749 145772943
753 752 214077513
751 752 707269253
754 751 650645633
754 753 950932008
755 754 593288252
752 755 363057465
756 754 107960479
753 757 826585552
757 755 154164626
759 756 71823911
758 756 470032906
757 758 617926532
759 757 878267474
760 758 249501827
760 759 767412731
760 761 159660621
761 760 827982229
758 761 820887548
762 759 87046421
763 765 854906083
763 761 674217478
762 764 717208311
764 762 339405337
763 766 647050104
765 762 294702407
768 764 145462311
766 764 885904478
764 768 36452108
767 765 96705487
764 765 165332786
768 765 395329750
769 766 465701082
769 766 278500407
767 766 102058
770 767 157792517
773 770 490792446
771 770 355723671
772 768 923720428
772 769 980770051
769 774 851540191
773 770 888574849
774 770 703440878
774 773 243399917
776 773 337122376
775 773 639268721
777 776 427645698
776 774 539587465
773 778 72537147
777 776 855953226
776 780 782232295
778 776 339726365
779 777 757585208
779 778 650479939
776 778 927862307
780 778 983695173
779 783 21374342
781 779 961307116
784 779 840324887
782 781 191053549
779 784 369835509
783 782 857333803
784 781 908895561
784 783 377016468
782 783 274628299
785 782 138850724
787 783 966834948
786 785 544640434
786 783 65042135
787 784 963018724
788 784 720832231
788 786 879327784
791 787 40810313
789 788 616370779
788 792 944676429
790 789 947713559
789 793 379669794
791 788 686024652
788 791 889640936
792 789 284348944
789 794 146412583
793 791 138476251
796 790 285293557
794 792 490379187
794 797 39979200
795 794 678471102
792 797 150270074
796 795 406987691
799 798 445360276
797 796 673016529
795 798 474185344
798 795 142912622
797 801 209273252
799 798 331509364
796 798 681277974
800 798 613598308
803 799 723005652
801 799 560178670
799 800 121446594
802 801 321264361
802 800 207287384
803 801 915828409
803 800 294833970
804 801 580897496
802 805 253810193
805 802 197610534
805 808 338174658
806 804 983382291
806 803 224412253
807 806 172775047
809 807 290014632
808 807 347109456
806 805 500822518
809 808 770105831
810 808 118171297
810 808 387290767
809 810 562020287
811 809 894423949
810 808 870801021
812 811 185957570
813 812 71767427
813 812 100541768
814 816 278737413
814 811 770850657
811 813 436848500
815 812 821426136
818 817 777755285
816 813 261178995
813 819 99630459
817 815 310640316
815 817 438972702
818 816 676561517
821 816 602788465
819 816 264132109
816 821 91428295
820 817 114811117
818 823 680476045
821 818 494127886
820 818 844177269
822 819 662686239
819 822 377491157
823 822 861360344
823 822 100244878
824 822 541895741
826 825 181052774
825 824 236364582
827 825 425156382
826 824 532993099
824 826 671916669
827 826 853775542
824 829 486132189
828 827 321957625
827 828 78046232
829 826 722197133
830 828 580223770
830 828 604292834
830 828 91683618
831 828 283218385
829 831 577240221
832 829 587091300
834 831 861120004
833 832 42591602
830 832 553541727
834 831 384882930
831 834 808775262
835 834 240776855
838 834 166984629
836 834 821305469
838 837 707047785
837 836 938020916
835 838 924143307
838 835 499889101
836 841 194463989
839 837 593308683
837 842 324290228
840 839 789320731
843 840 903519184
841 839 671336178
841 839 695667508
842 841 64047815
840 839 798778034
843 840 578086146
846 842 581939912
844 842 257100972
845 847 582715727
845 842 672264714
846 848 439458676
846 843 683159531
847 844 27782599
847 844 344525735
847 844 821084066
848 845 712788662
849 848 494945119
849 846 536609359
850 846 175623819
850 849 642131245
852 853 313802957
851 850 553476573
853 849 494797257
852 851 370714926
850 849 952137188
853 850 140749439
856 854 502739397
854 853 881565224
854 855 352090003
855 854 120073745
858 856 501961084
856 853 831637374
854 857 669425249
857 855 37629087
856 857 940301430
858 857 51558237
855 858 907841158
859 857 38075687
856 858 531431580
860 857 545019311
863 859 246104195
861 860 51165697
864 858 921369320
862 859 216478682
864 861 185141794
863 860 140554468
865 863 786684746
864 862 515276664
865 863 700900205
865 862 126064243
862 865 719435628
866 863 334168687
863 869 805782094
867 866 354822621
870 864 496469904
868 867 543724458
867 870 485917670
869 868 39771447
866 867 836751144
870 869 240922112
867 870 648110968
871 868 514890571
871 868 413799320
872 869 131738266
874 870 141761464
873 872 511707471
876 875 888468369
874 871 232110898
873 875 752752029
875 872 2297772
875 877 480586245
876 873 174097255
878 874 851877229
877 874 941443108
877 876 316797149
878 877 984726689
879 875 367499566
879 876 930687207
881 879 17769964
880 877 201382929
877 880 538981409
881 879 437867347
884 879 548815264
882 880 166358880
880 881 554583319
883 882 484746120
883 880 21766099
884 881 990419817
881 884 226169613
885 882 346590153
886 883 394565830
886 885 220282953
883 887 132659319
887 885 543932343
889 885 126974477
888 885 567719198
891 888 872760876
889 888 503516446
891 890 320413753
890 888 670591601
887 892 121390218
891 889 603981440
889 892 713244930
892 890 378226535
893 894 728528403
893 892 138014736
894 896 171219246
894 891 828023079
897 893 925835307
895 894 989497494
894 892 548442179
896 893 724120268
894 898 221016186
897 896 965024203
894 895 650881363
898 895 166756180
899 896 633199942
899 898 423963064
897 898 721638045
900 897 712091302
897 898 756577039
901 900 793498131
899 904 842361005
902 900 969721335
900 902 3763396
903 901 351972967
900 905 457668227
904 903 757863032
904 907 35375437
905 904 252079849
906 905 76066308
906 903 172174495
904 905 973726672
907 905 652574944
907 908 661892623
908 907 928906897
905 908 148176369
909 907 355807168
912 911 63824583
910 907 753083991
910 909 339794859
911 908 231002601
909 908 149380491
912 911 563344823
910 914 102883504
913 912 177408856
911 912 334213192
914 912 734128218
914 916 251915399
915 914 825598951
913 915 965921067
916 915 981040805
916 915 287622637
917 916 368728411
917 915 467520587
918 915 403049018
921 916 680494141
919 917 499948997
916 918 221563358
920 918 983816525
917 923 27537408
921 918 77259280
920 923 504791022
922 921 137300699
922 921 644081821
923 920 137426023
922 926 380094198
924 923 751856517
924 926 593065508
925 924 835269631
928 922 622425183
926 923 100152107
928 925 668652562
927 925 450357900
928 926 253543244
928 926 488921988
927 928 741587516
929 928 229807593
928 930 494478728
930 927 696584096
927 930 358257469
931 929 604638105
931 929 101326131
932 931 774737761
935 929 272260142
933 930 856337924
934 931 359332802
934 933 403705050
931 935 401862673
935 932 864765554
933 936 146065858
936 933 502087503
935 936 240885546
937 934 514166615
934 940 105766251
938 936 281470020
938 937 440263020
939 936 268241602
937 939 301116228
940 938 77553055
938 937 811944488
941 940 396329678
941 938 52204193
942 940 199433770
945 940 198601278
943 940 116813041
946 942 946346601
944 941 563833826
941 947 615416709
945 942 760632280
942 948 740739777
946 945 982005515
949 948 702101791
947 946 762250158
947 949 966527795
948 947 766498268
948 945 80925802
949 948 332104742
946 947 375477064
950 948 172776831
948 951 619314675
951 949 991976078
949 950 527259166
