100 1000
-2 9538 393
-2 1865 201
-2 3098 75
-3 2531 272
2 6153 821
-2 -3779 449
1 7121 693
2 -712 101
-3 -7351 541
1 4565 821
-2 6053 749
-1 868 951
3 1888 295
2 5198 771
3 3479 849
-1 -3634 69
0 3722 857
3 4096 486
-2 3172 86
2 2252 812
-3 8498 648
2 -6220 852
-2 4805 548
-1 8747 913
0 -361 664
0 -8862 287
1 3033 581
-3 -8215 491
-3 -3808 721
-3 1030 297
-3 4049 826
1 -8668 45
0 -5608 579
-3 5093 266
-3 -9478 189
3 -8107 217
-2 6073 808
-2 -5944 751
2 7196 193
-2 4913 671
3 9791 4
2 5391 593
-3 6979 205
-3 3943 872
-1 -3525 541
-3 7145 58
-3 5408 249
1 5798 353
-3 -2863 247
0 8493 591
0 -526 597
-1 -6189 391
-1 -3314 890
3 -1104 79
-1 -8313 341
-3 3560 61
-2 -1259 659
-1 8574 196
-2 -8119 481
2 -4674 201
-3 3775 612
-3 -6940 729
-3 -7483 621
-3 -892 617
0 -7840 861
-2 -3316 441
-2 8987 565
3 -2245 361
-2 -1361 97
-2 6230 130
-1 -3846 413
-2 -9667 401
-2 664 337
-3 -724 611
0 5917 253
3 -3044 158
0 -5278 165
3 3750 66
-3 3194 962
-3 -2383 921
2 -3721 675
1 7552 265
1 -3199 483
2 4217 786
-1 -6426 103
-2 -1430 151
2 -5264 711
-3 -6364 857
2 4149 401
3 -7873 730
1 7320 705
-3 3338 551
-3 -9934 613
-3 -8383 901
-3 8232 791
0 5414 566
-3 4613 147
-3 -1744 1
0 -3892 733
-1 -3156 107
