1000 10000
7196 692 1
2787 8273 1
1641 2527 1
393 2684 1
7895 2118 1
4091 257 1
1097 -526 1
8817 -9558 1
9273 -568 1
8997 -6849 1
6471 7379 1
2046 9641 1
1702 9245 1
8781 -7952 1
9556 7586 1
8721 147 1
1449 -996 1
2179 6362 1
9544 -2968 1
6068 8912 1
8366 1269 1
7607 -763 1
5609 8294 1
8033 -3158 1
6209 3615 1
4621 -4507 1
5879 -2919 1
1287 3230 1
7033 -3892 1
9130 -9839 1
5047 -1570 1
9577 4465 1
2080 7133 1
3633 -8545 1
6369 4893 1
2321 3035 1
8057 5543 1
2989 4415 1
4153 -1645 1
4761 7187 1
5162 3206 1
6245 -8110 1
3985 -8289 1
83 5924 1
6421 8269 1
9673 -6255 1
9001 -1105 1
1457 6098 1
2971 1285 1
3164 4823 1
3745 4916 1
8138 9689 1
9504 -9247 1
5441 -265 1
861 683 1
947 7145 1
621 -9253 1
3209 2843 1
5801 -9512 1
4716 296 1
7185 6578 1
5937 -3537 1
6638 -304 1
8657 -7145 1
6976 -2043 1
9015 6428 1
7079 -811 1
2623 7284 1
9569 -1498 1
5005 -129 1
1289 1769 1
5035 9565 1
6371 5264 1
3901 -7484 1
2017 -6363 1
3665 -8194 1
5541 8252 1
4849 -5651 1
1494 2048 1
3163 7016 1
3601 5980 1
8401 5710 1
7099 -2313 1
1184 -5881 1
322 7509 1
6517 1822 1
3643 -1460 1
3464 -8804 1
114 7284 1
1601 6242 1
8282 6797 1
3251 -408 1
2583 -8877 1
2129 -2381 1
4999 9424 1
9561 -8005 1
2866 -7699 1
2509 -4336 1
341 1830 1
6566 8489 1
5355 -3757 1
9628 9426 1
531 566 1
756 -3527 1
7826 9035 1
9591 3911 1
9867 -3214 1
7573 -4594 1
4010 8509 1
9451 -3848 1
9441 1459 1
3201 -3970 1
5784 8080 1
7051 8520 1
1109 56 1
1377 8952 1
813 3962 1
7961 -4987 1
6714 8350 1
8481 -9853 1
7035 -7387 1
4111 -3679 1
5226 227 1
8305 -8737 1
3549 5499 1
9463 -1219 1
7635 -3109 1
5251 391 1
3736 -4252 1
2209 8054 1
729 -1732 1
626 1999 1
2811 2683 1
7124 4730 1
5148 -3577 1
2233 782 1
8251 -7341 1
746 803 1
1156 -2400 1
2746 9758 1
9879 5441 1
7536 3047 1
4901 -4178 1
205 7537 1
8472 -6133 1
3697 6632 1
1556 521 1
3061 7003 1
6114 7489 1
4951 6618 1
8679 8116 1
4665 -5452 1
2188 -8366 1
6677 -2964 1
4845 7863 1
4468 -1872 1
8907 4220 1
5773 -4970 1
735 9697 1
2382 -7882 1
9989 -9675 1
7569 -2161 1
8241 6647 1
4275 7590 1
258 5144 1
3276 6887 1
6091 -4908 1
5965 2875 1
8716 9055 1
2449 9391 1
4513 500 1
9471 -3937 1
977 4315 1
8811 -1646 1
3729 -3170 1
4480 3020 1
8180 -3887 1
6666 -6631 1
8856 1345 1
8837 -9907 1
3759 -3334 1
1866 -1733 1
7277 229 1
7376 7559 1
3077 -5097 1
6703 5315 1
8876 9561 1
8343 6855 1
683 968 1
3738 7615 1
6201 2799 1
5057 2189 1
5863 -1673 1
8421 3050 1
5266 -6003 1
2367 1328 1
5716 1553 1
7614 9642 1
9345 -5389 1
3826 9761 1
1569 -6688 1
140 7792 1
1233 -2744 1
1681 7765 1
1249 -3321 1
4665 -9996 1
6519 -7369 1
6657 916 1
5501 -6295 1
2587 6293 1
840 -4793 1
6796 -307 1
4494 7885 1
72 -8323 1
9555 4283 1
6881 614 1
2577 7599 1
261 -9872 1
6838 6374 1
2641 -9562 1
513 6704 1
321 191 1
6449 -8110 1
363 -8140 1
597 -8565 1
4341 -2639 1
4109 7794 1
5256 -265 1
2558 -9795 1
5424 8465 1
609 5192 1
9321 2480 1
2823 6140 1
1605 -9105 1
8749 2660 1
4336 2267 1
5261 -9697 1
2446 -6150 1
1741 -2377 1
2270 -3277 1
6605 -5362 1
2651 -6596 1
8306 2457 1
4660 569 1
1009 8727 1
6657 -3982 1
2118 -2577 1
6302 1973 1
7205 -214 1
6651 -7567 1
8837 2267 1
4376 5786 1
6813 -8138 1
6609 -9659 1
633 6503 1
1451 6020 1
1317 -3117 1
5605 -6655 1
1201 -5461 1
2416 7163 1
8053 7157 1
5809 848 1
4079 6493 1
5281 8041 1
3772 -7072 1
2693 -8033 1
625 -9546 1
4345 -3904 1
2529 6520 1
3894 896 1
8833 7648 1
1861 -9408 1
4731 -7051 1
9097 -1876 1
1536 -1471 1
5687 9440 1
5782 -3702 1
8468 1107 1
1587 8449 1
787 1457 1
8849 4947 1
621 6091 1
9203 -3694 1
8780 8713 1
406 3322 1
6825 5879 1
4449 851 1
3617 -2715 1
1191 -4087 1
3441 -8370 1
4872 -4599 1
5391 1408 1
1473 9386 1
5351 6527 1
8447 2883 1
1173 -5587 1
9821 7462 1
6251 9253 1
4088 -4325 1
6101 2486 1
6771 2658 1
5721 4144 1
9022 -6543 1
3719 4686 1
4601 -6753 1
5993 6566 1
9749 4604 1
1178 4955 1
901 3983 1
3599 -3157 1
1881 1429 1
3131 -9863 1
4823 9408 1
8045 6092 1
361 5393 1
8939 -1076 1
5771 -5179 1
5871 -8351 1
3201 -1534 1
8312 -7486 1
5426 5348 1
5649 -7328 1
344 -1283 1
797 -7243 1
3951 382 1
7949 2351 1
7676 -6022 1
9601 3532 1
605 6116 1
9721 -579 1
2706 -107 1
6584 5827 1
1749 -2653 1
2597 -2771 1
512 7052 1
7241 9791 1
2163 -1963 1
1366 1226 1
4637 8080 1
5848 7399 1
2171 2772 1
7901 -5376 1
2153 9289 1
4971 -9718 1
7473 -9032 1
2921 -5929 1
4343 8 1
921 -1951 1
8205 -7781 1
2220 -2410 1
3845 -9565 1
8816 5737 1
9516 5429 1
7289 5468 1
7861 770 1
635 5870 1
985 6611 1
1444 1660 1
3481 2988 1
1806 -2898 1
4801 2294 1
6696 245 1
4173 -5656 1
6841 5399 1
2776 -2941 1
4701 -4933 1
9361 -3379 1
9939 2344 1
353 6334 1
4265 5432 1
4601 6362 1
1569 6704 1
1001 -8186 1
2433 8087 1
2626 6274 1
8551 1964 1
1139 6928 1
3575 5351 1
3335 5852 1
5557 404 1
5556 -9079 1
6119 -5436 1
5065 -9985 1
9614 -6284 1
1827 7700 1
5335 -1243 1
5039 -2046 1
9821 7518 1
4241 5162 1
976 9131 1
3529 7340 1
5704 2648 1
3025 -1252 1
8151 -7420 1
3858 -4087 1
9785 1292 1
7473 -6902 1
1061 -3883 1
691 -9085 1
9055 7259 1
5631 -1171 1
1515 -6680 1
4433 3203 1
3901 5002 1
1994 -640 1
2305 8821 1
421 -1397 1
8331 -6661 1
7647 -769 1
8169 -477 1
3813 -5827 1
997 3961 1
8261 -6306 1
4553 -8176 1
4676 -3088 1
9957 -9292 1
8663 -8804 1
4409 157 1
5051 -5922 1
7015 -2180 1
689 -4537 1
8801 -4897 1
8115 -7458 1
4545 -9906 1
8771 606 1
313 8043 1
6051 3974 1
8884 9857 1
177 6878 1
2092 1132 1
43 -5002 1
3619 -5584 1
3541 -4615 1
2877 -1881 1
8801 2390 1
7393 9548 1
1209 -809 1
8737 -3566 1
8385 2961 1
2501 -4868 1
3423 -5038 1
6561 -1966 1
5863 -7279 1
5364 6692 1
1533 1241 1
223 -1107 1
1859 4834 1
11 -4114 1
7401 527 1
7939 2962 1
5373 5993 1
3346 -2328 1
2199 -1983 1
3494 -265 1
6502 -4939 1
8829 -2869 1
5851 4982 1
8671 5618 1
8721 -5562 1
5813 -2394 1
7155 -2381 1
9557 -5653 1
4607 -4114 1
3601 2965 1
729 1852 1
4291 -4310 1
2911 6270 1
8916 9981 1
9799 104 1
5026 9877 1
8261 8947 1
6113 -2587 1
5267 4440 1
1849 -1190 1
4711 -3205 1
9681 -8968 1
2713 -3200 1
8016 1838 1
6201 7242 1
4986 938 1
9550 9998 1
201 -365 1
2730 3050 1
9649 -3264 1
4741 -433 1
6568 -7484 1
9086 -4612 1
1016 9498 1
6516 -5330 1
1676 -7321 1
2441 1737 1
9861 -3010 1
4486 -6218 1
6871 1727 1
4561 74 1
9391 8486 1
9382 2489 1
1051 -3412 1
5609 5935 1
2944 2354 1
4751 -8643 1
1320 -1687 1
7070 -1739 1
5517 6479 1
6581 2045 1
6626 9507 1
7529 -4587 1
2481 -4654 1
6917 -7873 1
9461 -8692 1
3466 -4933 1
644 3127 1
4001 -3533 1
1951 8774 1
6561 5006 1
9777 -1915 1
7942 -1798 1
9625 9656 1
8799 8138 1
7651 1912 1
1851 -4829 1
6696 -9909 1
681 -6055 1
111 6494 1
4373 3794 1
4660 -3717 1
9809 -8236 1
6131 -9695 1
8929 -152 1
1977 1445 1
1881 9908 1
2967 -5926 1
126 968 1
2731 -2018 1
2661 -7600 1
5117 8622 1
6581 7430 1
6426 4268 1
2216 5611 1
6493 -4944 1
3553 3060 1
2275 -6199 1
3419 -6890 1
5015 -3348 1
6953 1262 1
4283 -9305 1
1427 -5196 1
3831 -7803 1
7711 -6007 1
511 -1588 1
8719 8489 1
4673 4093 1
4985 -3280 1
6897 -5545 1
637 9213 1
9801 8348 1
5521 8426 1
9503 154 1
461 9727 1
6973 4512 1
2161 -1650 1
896 6691 1
5414 1059 1
882 -7156 1
5363 7289 1
3742 -3987 1
7605 5547 1
9985 8483 1
4915 -34 1
9891 -202 1
3001 8382 1
7693 676 1
793 572 1
7061 608 1
6561 -769 1
5005 517 1
9829 -8391 1
371 8521 1
191 -9403 1
6757 7524 1
4831 -2100 1
3281 -3142 1
233 -871 1
1205 9616 1
6306 3224 1
6429 8150 1
4551 6041 1
4061 -7928 1
4400 -3350 1
2825 -8505 1
8501 5750 1
9159 3471 1
7555 9628 1
1381 -2863 1
2465 4682 1
2128 1459 1
3711 -1871 1
249 8901 1
4735 3101 1
4701 3265 1
3835 -6115 1
4277 -8727 1
9931 2430 1
8024 6381 1
1504 -9646 1
5099 -2580 1
421 -6244 1
7033 -7778 1
4451 7777 1
9477 -9583 1
9328 -1642 1
9031 2505 1
2336 -1276 1
821 1868 1
9737 -1963 1
1121 2399 1
6826 6951 1
1229 -6628 1
2255 -3409 1
3881 6587 1
9229 -3355 1
1261 6056 1
6600 8366 1
2625 9344 1
8621 -8380 1
7504 5895 1
3748 3130 1
2425 -2887 1
8347 2279 1
6299 962 1
5130 -4245 1
8737 3952 1
5097 -1848 1
3373 -7381 1
433 7186 1
5257 3591 1
9089 -9640 1
3414 6929 1
9051 -6427 1
8753 1179 1
51 435 1
1685 -6974 1
4149 -1207 1
4562 -9460 1
6463 -9069 1
8649 -3949 1
2816 7790 1
1451 -5903 1
9329 -3968 1
735 1089 1
9203 39 1
3617 899 1
6351 6077 1
6626 8788 1
3023 -9277 1
7971 -7372 1
6417 -4602 1
2164 4708 1
9861 -4174 1
9013 -2632 1
7911 -5276 1
762 -6745 1
651 -3540 1
1399 3065 1
6313 -1893 1
2443 9458 1
3072 9473 1
3017 -5383 1
5224 -1832 1
741 9470 1
261 9984 1
1945 7772 1
5511 -6894 1
449 -1288 1
9211 -6205 1
9861 8594 1
4625 -9391 1
689 -7291 1
9461 7046 1
4740 -1991 1
5551 -3216 1
9538 -9500 1
2036 1061 1
4465 3989 1
2633 4703 1
4297 2147 1
7332 9404 1
8026 -3898 1
3031 3675 1
3725 1819 1
5415 2918 1
4837 -9844 1
9531 5380 1
8256 -4864 1
6453 5776 1
2502 3420 1
2172 2845 1
4707 -7182 1
7366 -2704 1
3457 -9757 1
9 -7538 1
4176 -5812 1
4863 3299 1
6380 9015 1
1301 1684 1
345 7678 1
7967 2030 1
9137 2357 1
4161 5792 1
6927 3123 1
2453 -2843 1
7173 -4564 1
3553 -2250 1
101 -7822 1
6101 -8131 1
7551 -4553 1
2677 2301 1
5631 -1534 1
9175 -385 1
3961 1076 1
2997 1733 1
9109 -2382 1
2973 4164 1
7596 3086 1
5507 -714 1
3793 9650 1
8591 -7791 1
7361 -8563 1
3409 3731 1
1576 -3503 1
1701 4812 1
1691 -9426 1
696 380 1
3149 3369 1
4661 -16 1
69 -7975 1
5236 2667 1
669 725 1
4045 -4356 1
1716 -8217 1
8085 -7210 1
65 9022 1
2709 -2995 1
9794 -5984 1
6761 3809 1
7366 8006 1
1141 -5743 1
309 -4762 1
4468 -9896 1
8271 -2964 1
7111 5707 1
4092 -1998 1
8385 -5173 1
1109 -9388 1
8917 -4123 1
5652 1758 1
9717 -8178 1
4927 9658 1
1734 8755 1
5856 9903 1
6633 433 1
876 6123 1
2889 -604 1
7337 1540 1
1541 3098 1
6861 -3091 1
2671 821 1
1543 2004 1
1399 6688 1
8161 -511 1
3249 5594 1
9181 -2752 1
7521 701 1
4997 5541 1
5561 1264 1
8105 9789 1
8441 -575 1
7070 -8388 1
2205 3660 1
3236 4214 1
806 8931 1
1881 -5140 1
4197 2069 1
1749 -3341 1
9140 -853 1
6051 -2182 1
8725 -3046 1
551 873 1
2613 -4343 1
4179 -7858 1
9887 -9472 1
488 4916 1
8691 -7480 1
57 650 1
5296 3406 1
9165 -8994 1
5975 4626 1
4605 2804 1
4472 3605 1
4994 -8968 1
7053 -4956 1
3371 7909 1
1589 524 1
446 -571 1
8998 -4204 1
754 -7031 1
8089 -9748 1
1611 -7617 1
2012 -835 1
8643 -2451 1
9626 -5671 1
969 2846 1
6757 -156 1
8105 -5684 1
1301 -4412 1
5861 5997 1
9601 -5542 1
6177 -631 1
965 8162 1
3874 -5767 1
6793 744 1
6001 3610 1
9233 -7115 1
7011 -3554 1
2080 -4267 1
9537 7055 1
9021 -9 1
8027 -2919 1
6328 8450 1
2305 -4448 1
392 2551 1
8282 4887 1
701 -9256 1
8688 -1086 1
6549 -7465 1
8631 2560 1
5777 3393 1
11 -6961 1
2144 7637 1
789 -1582 1
3969 4565 1
6704 692 1
3639 -5734 1
5361 5490 1
4455 2837 1
6193 -3870 1
9561 9794 1
9551 1892 1
7211 6533 1
4807 4870 1
7205 185 1
8136 506 1
1971 122 1
4632 -2092 1
9949 6722 1
863 5315 1
9837 -3858 1
268 106 1
4397 1016 1
5934 7335 1
6797 9742 1
8693 -3080 1
4966 7443 1
9167 1591 1
6410 6736 1
5681 5144 1
9329 7778 1
173 9842 1
7953 -4471 1
529 -3578 1
2947 8969 1
7292 5302 1
2895 3883 1
6266 -820 1
8081 -3906 1
4501 -5510 1
6826 3501 1
8497 1042 1
6726 248 1
7777 3106 1
3337 -3526 1
8625 -5432 1
2795 -3759 1
2425 -5100 1
4521 8384 1
9472 1849 1
2578 6951 1
8127 7908 1
5321 -2115 1
9430 189 1
5828 -5940 1
6497 4859 1
2337 1796 1
3865 -1285 1
840 -2140 1
8721 -6010 1
2076 3575 1
7181 -870 1
1401 -6785 1
4945 -3385 1
3661 -9565 1
6031 -7873 1
7473 -715 1
1563 -4716 1
9849 -6561 1
2369 -6461 1
2960 -3172 1
3020 9797 1
4433 -7817 1
1032 3503 1
6549 -2572 1
6701 -3541 1
9095 5836 1
1529 2090 1
9965 7496 1
8525 -5609 1
4231 -9943 1
8232 -108 1
7065 -5905 1
6076 -899 1
8155 -7556 1
9317 5192 1
7291 -6820 1
5479 5555 1
941 -265 1
6309 -1397 1
3025 5935 1
5499 -4807 1
4833 5165 1
3614 -9584 1
2696 1937 1
3565 -3313 1
9136 -5892 1
2766 5270 1
4641 5996 1
7135 1516 1
4449 5803 1
1461 -678 1
717 43 1
1751 -5053 1
7153 5060 1
2505 -1432 1
2113 4107 1
6378 2333 1
8141 -9475 1
3069 -1968 1
7561 8215 1
8417 -5416 1
1729 -1069 1
7981 8522 1
1001 1228 1
3929 4943 1
8532 -7789 1
232 -8539 1
2014 5594 1
9121 3209 1
4385 1539 1
6349 5336 1
945 -5397 1
9481 -7861 1
5217 -4926 1
7721 -622 1
1721 -4057 1
5306 -3964 1
9905 6878 1
9373 2111 1
7166 -4384 1
8626 9860 1
3971 -2426 1
3907 7685 1
7501 -5951 1
7009 -397 1
6713 8249 1
3289 -6432 1
9807 -7168 1
4853 -1447 1
2973 -5335 1
3137 9825 1
7211 -7936 1
6691 3221 1
6864 -7189 1
8131 -6811 1
241 -6822 1
2321 374 1
6263 3082 1
5101 -4139 1
4321 5994 1
5986 -367 1
798 6449 1
7359 -5048 1
9631 7244 1
2983 4297 1
8437 -2634 1
6001 5430 1
7081 -8974 1
1809 7223 1
2101 -2227 1
5573 -2094 1
4710 -4579 1
2581 -6875 1
