1000 10000
7176 6887 1
921 2941 1
174 5354 1
3590 3867 1
5441 -7223 1
5334 -403 1
7281 -7988 1
9416 -6636 1
1901 3780 1
1362 -4031 1
6061 5381 1
5024 3462 1
6320 2336 1
461 3714 1
7581 -7976 1
1333 1694 1
6905 -268 1
299 -1672 1
5433 8705 1
6313 -1057 1
2752 -3064 1
1260 -1155 1
1 2678 1
2605 -9269 1
5701 -5434 1
3566 3374 1
8045 9770 1
1051 -3139 1
3849 -2714 1
9341 -4765 1
1533 5057 1
3123 741 1
8753 -8680 1
5665 630 1
9302 6485 1
3857 8828 1
8555 -9302 1
4534 4916 1
7432 2225 1
1973 -101 1
7357 -2304 1
7022 845 1
3857 2918 1
1431 1298 1
6969 8012 1
8801 -8254 1
8481 -8289 1
9200 3089 1
7497 8015 1
5277 2348 1
7645 -5960 1
4701 721 1
9717 627 1
3656 7448 1
3481 -6085 1
961 -5376 1
8035 -1894 1
1706 -6782 1
9257 -7669 1
3441 -8914 1
593 -9198 1
5290 -1048 1
1821 -3351 1
5156 9447 1
5801 2681 1
8080 -8835 1
6032 -9465 1
7700 3443 1
6283 -6799 1
6847 8291 1
267 1484 1
4577 869 1
962 -8565 1
7285 8834 1
4152 5300 1
6103 5033 1
6126 9841 1
7329 -778 1
7453 8056 1
1828 1799 1
4085 -253 1
9459 -1210 1
8676 -1412 1
8351 -1657 1
7461 -4888 1
9726 2715 1
7230 902 1
9375 9422 1
4818 -4096 1
9220 4311 1
7171 -7591 1
6851 -3349 1
2720 5798 1
8681 -6446 1
5825 -9190 1
1207 1142 1
9653 146 1
8711 2525 1
223 -4625 1
3138 -622 1
1091 9497 1
3517 -2250 1
2078 -3550 1
8527 4770 1
9291 6795 1
9085 -7 1
7485 -1698 1
3943 906 1
876 2104 1
8111 -5583 1
6483 -286 1
761 -4528 1
3836 -4697 1
8651 6786 1
8113 1787 1
1905 -3137 1
8421 -7042 1
6231 1109 1
4365 164 1
94 -9567 1
3747 8489 1
1153 -525 1
8990 6303 1
2029 2764 1
7969 -1503 1
4289 9103 1
3655 -1192 1
7550 7277 1
2541 -5319 1
7197 4920 1
9971 8218 1
2237 -4480 1
7777 4241 1
8871 -7006 1
3737 -8237 1
8754 4970 1
7601 -2646 1
9564 -4028 1
2926 -7642 1
4801 6014 1
9489 9756 1
7769 -9427 1
9291 -8931 1
9109 -2440 1
5737 7345 1
1877 -1043 1
7581 7808 1
2843 4394 1
133 2110 1
2233 -9006 1
3533 7154 1
5681 -3043 1
745 -8608 1
3137 3319 1
9280 -703 1
5889 9205 1
4225 -313 1
3510 -2140 1
4252 8158 1
8444 7619 1
2876 -9945 1
9177 3302 1
1633 -6009 1
690 6284 1
8061 -8587 1
4321 5779 1
8995 608 1
4877 -841 1
4337 2754 1
4024 9350 1
1361 -6904 1
2773 7289 1
3769 8663 1
6815 8005 1
2879 -9654 1
9433 -8007 1
606 -5013 1
4333 7199 1
1711 -367 1
3096 -9609 1
6763 -4459 1
1576 1850 1
2357 -2951 1
5385 -5128 1
1045 -466 1
7046 -6776 1
7001 -997 1
3376 -6344 1
7363 1024 1
1526 710 1
3207 -8650 1
4426 5920 1
1262 204 1
4931 8963 1
7955 8259 1
8525 -194 1
3121 -3346 1
5560 -4729 1
1537 -8161 1
6545 4610 1
166 2888 1
9575 -8149 1
4969 2893 1
4951 -2132 1
7277 -307 1
4225 7853 1
7869 7883 1
9535 -1864 1
9137 7010 1
4086 -3766 1
6609 -5117 1
6625 -3388 1
635 -8178 1
7943 -9811 1
8371 5228 1
75 -9123 1
6251 6937 1
9161 -9209 1
381 536 1
9741 -7847 1
8899 -5692 1
1048 -5146 1
5313 -5520 1
2955 -3636 1
1055 -1106 1
5425 -642 1
7128 6074 1
1543 -3615 1
8041 -4335 1
4789 -316 1
3521 2341 1
4797 419 1
5137 9861 1
6343 -8238 1
345 7289 1
9669 3993 1
2568 4580 1
3627 7340 1
4987 -9046 1
4182 2702 1
6921 8648 1
4577 -1509 1
8897 -5386 1
8911 7638 1
169 2410 1
6009 3038 1
115 -501 1
2201 2459 1
2877 6895 1
5713 -5730 1
3867 2887 1
3179 -367 1
7903 -345 1
1753 -9364 1
6913 417 1
3872 -4597 1
2070 -632 1
3057 -6973 1
7911 -2522 1
4205 887 1
6089 -8665 1
8289 3694 1
3579 4963 1
2917 -8254 1
9265 -7684 1
3613 5155 1
6785 -7142 1
7255 -2935 1
1035 -8857 1
6341 -9052 1
1869 -9787 1
4497 -2248 1
1929 1784 1
4151 2549 1
7526 -7719 1
6001 -8669 1
2337 -8388 1
3461 591 1
4221 -657 1
7338 4429 1
2545 9944 1
9873 7404 1
6947 -5185 1
7171 3625 1
9471 9313 1
6801 -7642 1
1243 6814 1
7449 3863 1
2363 -1195 1
9269 7995 1
2107 -7025 1
8366 -9550 1
1331 3149 1
4405 -9346 1
2051 -5358 1
3507 1271 1
2881 4429 1
8357 2495 1
3993 2096 1
9431 1790 1
8071 2384 1
910 -8768 1
1131 -6515 1
6049 9169 1
1341 -1421 1
697 1691 1
9501 -1563 1
4221 -7684 1
1499 -9274 1
3185 -283 1
2027 5810 1
5001 194 1
865 -3928 1
9874 2402 1
1825 9011 1
4542 -9536 1
3510 -9417 1
9805 -2457 1
5275 -7231 1
1373 8036 1
9001 -874 1
5345 8703 1
4177 -1143 1
3451 503 1
6929 -7068 1
4817 7856 1
7270 5184 1
4268 -1641 1
6161 6723 1
2982 3577 1
5343 -4159 1
8381 3390 1
3513 -6679 1
8711 2333 1
1561 8715 1
3737 7756 1
9001 -3784 1
2244 -7501 1
3760 6287 1
777 -4350 1
7833 9197 1
4215 9780 1
3577 5255 1
6177 7565 1
35 1633 1
183 5690 1
1993 -5073 1
7308 3873 1
4135 8306 1
7521 8987 1
1980 -3817 1
865 -2598 1
9051 5930 1
8497 9956 1
8577 -396 1
8635 -6422 1
4699 5234 1
4617 -8419 1
9676 3689 1
8783 7866 1
6001 -8505 1
3453 -8634 1
9923 -7348 1
8461 9020 1
7620 8642 1
3557 -1740 1
8481 1229 1
7098 -712 1
5464 -9880 1
3451 -1297 1
5949 4472 1
4901 -1622 1
9801 -4586 1
3401 6256 1
1761 -9212 1
7861 3687 1
5309 2156 1
2369 5593 1
9511 9838 1
1223 -6453 1
7954 -2137 1
8109 -7480 1
8661 -328 1
8517 -9885 1
1653 8511 1
7601 -2287 1
9426 -2532 1
4571 -9176 1
977 -8401 1
7153 5707 1
1973 -3211 1
6962 6741 1
2780 814 1
5307 2618 1
8793 -6106 1
5411 -7434 1
6331 -493 1
9251 3711 1
7331 1196 1
2436 6536 1
9951 6701 1
1121 9710 1
7029 4781 1
7062 -7538 1
3613 6034 1
6517 -1434 1
8417 -5384 1
7353 4292 1
7149 2504 1
8459 -7315 1
3123 2842 1
7343 9482 1
1410 -3134 1
5903 4441 1
6369 9672 1
2833 8231 1
8585 6989 1
2514 -1208 1
2465 8736 1
225 2288 1
4096 -8434 1
3851 3771 1
1537 4009 1
3051 3314 1
7328 1192 1
993 -8176 1
4541 7558 1
8989 4587 1
8533 8908 1
3371 3963 1
3229 5912 1
8857 -5721 1
27 -9531 1
902 8426 1
1231 446 1
7273 -482 1
5665 6515 1
9851 1851 1
7112 -8634 1
9222 7064 1
763 -3862 1
3070 -7952 1
7901 -3846 1
8561 2981 1
6311 -5593 1
7243 7881 1
1527 8783 1
7452 -6257 1
1957 3223 1
8071 1856 1
5547 -4254 1
6451 -666 1
681 -4267 1
5779 -5818 1
9233 -5704 1
4609 5732 1
1568 -7425 1
251 3855 1
9482 -3478 1
6401 -5878 1
9293 -6910 1
2994 -5223 1
2561 8966 1
849 896 1
9261 -7312 1
7327 -2548 1
3903 4844 1
5176 -2956 1
6368 5744 1
6217 -8119 1
2361 9717 1
7765 7035 1
2689 -3457 1
8313 3491 1
6131 5238 1
4330 4327 1
7471 -5336 1
3243 9962 1
878 -6814 1
6815 5253 1
7750 -7289 1
932 3613 1
537 202 1
8016 -6569 1
6604 4060 1
4719 2711 1
298 7472 1
6540 4328 1
6446 2986 1
2781 1270 1
4949 520 1
2517 -3317 1
3616 -616 1
5776 2992 1
2845 3642 1
5453 -5773 1
4137 9107 1
4055 5888 1
4817 -768 1
8647 9350 1
2335 5366 1
9786 -481 1
751 -4243 1
4535 -292 1
877 8525 1
7249 -1278 1
8561 -2076 1
4823 -3692 1
8369 5249 1
361 -5049 1
3830 -8547 1
7410 -6342 1
6693 -2783 1
6672 4781 1
7328 -2242 1
9421 -4241 1
9017 -7993 1
1997 -8606 1
6451 -5394 1
2561 5005 1
16 -4831 1
4626 -5816 1
4152 722 1
2093 1607 1
225 479 1
5577 4644 1
6509 -5819 1
1121 -2551 1
989 2113 1
9851 4849 1
3493 -2809 1
9783 -910 1
5446 -6295 1
5874 -3097 1
9794 2243 1
8221 -6577 1
9073 -4564 1
1563 -2014 1
2496 1769 1
7349 -5543 1
6416 659 1
3168 -5908 1
9939 2969 1
9177 -8079 1
8507 2895 1
2603 9231 1
4220 -807 1
6941 -1483 1
7533 -6324 1
8297 -1476 1
8569 -1550 1
8759 5055 1
5711 8006 1
4001 9967 1
7137 5215 1
823 6254 1
8647 -8821 1
7484 -9387 1
9837 -1197 1
965 1401 1
49 -8218 1
5691 9630 1
2905 -688 1
2065 8317 1
9614 -7918 1
4682 -520 1
1761 6849 1
1169 68 1
5021 2923 1
4947 7710 1
6701 9565 1
869 -1368 1
4236 8644 1
6585 3992 1
5619 4331 1
5478 4358 1
4239 6419 1
9117 -1540 1
5515 5414 1
4681 -8376 1
5989 9015 1
6305 -7667 1
2083 -6264 1
6771 3880 1
7040 7836 1
3361 7904 1
9857 4554 1
3723 -2542 1
4673 -9997 1
3201 -8130 1
325 -822 1
8794 -7360 1
7021 -8543 1
1277 2463 1
7891 -1666 1
331 -3946 1
8211 5786 1
5980 3539 1
2053 5690 1
5068 938 1
3111 -8848 1
9417 -3137 1
4571 -2701 1
801 -2539 1
4901 2618 1
3370 -1429 1
2289 3785 1
6103 -116 1
9249 -9916 1
8399 6701 1
455 9629 1
5457 -7202 1
8925 -2912 1
5729 -9115 1
3633 9301 1
7372 347 1
2851 5699 1
5319 8408 1
1182 -5308 1
4701 7206 1
7801 -4403 1
7429 -7268 1
9527 6856 1
3467 9982 1
4761 6671 1
6328 4189 1
9121 9842 1
6909 -4028 1
6093 -4351 1
5414 -5559 1
4431 -7148 1
2683 -3853 1
1897 -7111 1
5873 4594 1
6419 1642 1
9131 -4572 1
2251 -1210 1
849 -8050 1
5101 -8015 1
4404 2204 1
3276 -6361 1
7916 -2897 1
6017 6455 1
5370 -2728 1
9825 -6641 1
7535 -1783 1
8148 5618 1
8545 -9280 1
9391 -9619 1
7551 8418 1
2825 -5306 1
9501 5690 1
2146 734 1
4699 -3030 1
2347 -88 1
3776 8684 1
1591 -9004 1
3241 -875 1
3779 -2893 1
16 -3696 1
889 -5290 1
6117 9446 1
7849 6599 1
4310 8557 1
8056 3186 1
5129 1318 1
9190 6615 1
505 9746 1
8957 8290 1
6761 -4860 1
6432 7275 1
3301 -7378 1
7835 2294 1
3079 -4289 1
3563 8343 1
7959 7931 1
8730 -2233 1
9373 1244 1
6033 -8587 1
481 -7830 1
3251 3953 1
3669 -5656 1
2241 3359 1
5998 -5866 1
4285 -980 1
81 9418 1
9843 -1775 1
4553 8383 1
37 -5746 1
1393 -3487 1
7057 -6196 1
1689 8811 1
8954 -4870 1
727 7139 1
3343 6750 1
9381 7046 1
2953 5739 1
5301 -8821 1
8955 -8380 1
2923 9199 1
8501 569 1
5965 5478 1
8001 -7657 1
9943 -4284 1
9665 -4385 1
7713 -8675 1
1345 -6783 1
9084 4238 1
8849 -8399 1
9951 6703 1
6632 -7012 1
3725 3679 1
4241 1522 1
1696 1124 1
6147 6305 1
563 2891 1
7096 3422 1
2719 8439 1
4661 2160 1
15 3806 1
5862 7555 1
8649 997 1
8413 3702 1
9227 -5925 1
6225 3422 1
4759 -5871 1
5217 8943 1
5817 192 1
2339 3927 1
8719 5407 1
9001 5966 1
3441 -1627 1
8377 4624 1
4081 9519 1
9749 -4150 1
5451 -1686 1
7841 2594 1
1847 -2252 1
4478 -7463 1
7297 -1532 1
9087 6950 1
9881 -4712 1
821 7007 1
8692 -2797 1
8737 -2500 1
7442 6605 1
682 5559 1
9141 4868 1
3853 2411 1
4481 2550 1
7623 -6652 1
9013 2420 1
5751 458 1
6532 -5476 1
7595 -681 1
8909 -9727 1
2757 7049 1
9911 -8649 1
7531 9332 1
298 -544 1
2097 7313 1
9969 -5179 1
3626 881 1
9597 -7247 1
5972 5510 1
3217 1718 1
5141 6248 1
9489 8134 1
7118 949 1
9551 5726 1
2447 5036 1
1967 8786 1
9761 -5574 1
7030 -5293 1
8601 8554 1
7831 -2362 1
3846 -8788 1
8641 9641 1
4319 8260 1
2523 -908 1
9797 -4543 1
5548 -319 1
8877 -6340 1
2230 4280 1
3398 -6839 1
1773 5596 1
7088 1316 1
9410 -9421 1
609 -943 1
609 5919 1
5989 -1930 1
4832 -5573 1
2996 -1710 1
5085 3962 1
7101 9267 1
5185 -4099 1
8591 -4523 1
596 7586 1
565 -8401 1
532 4818 1
501 -1439 1
3263 -2938 1
2825 4455 1
1041 -7275 1
8227 -3685 1
9411 -7399 1
7643 -1213 1
9801 8290 1
2717 -7456 1
1223 3980 1
5321 911 1
2402 -9739 1
6471 -7919 1
9481 -6909 1
7751 6589 1
2609 -6682 1
256 -4939 1
4553 -9764 1
3561 -2165 1
3466 2392 1
3499 -8399 1
3873 -1675 1
9411 8904 1
5199 -107 1
4735 1784 1
9451 282 1
5606 -7023 1
8742 6365 1
8993 -8538 1
6963 -8558 1
8229 7853 1
6092 -874 1
7823 5453 1
6494 153 1
9117 1296 1
151 -5634 1
7363 -5162 1
621 2770 1
6657 2075 1
7101 -3784 1
9181 -6748 1
5510 1337 1
1171 -7922 1
1665 2861 1
7017 -6271 1
9391 -5562 1
5793 6674 1
3657 4514 1
1986 2093 1
3777 7238 1
4298 -6901 1
1640 7385 1
3273 -1074 1
3105 -3517 1
1076 -2452 1
6151 -5292 1
5217 1749 1
3811 329 1
9094 -444 1
8416 6862 1
7581 -5489 1
9458 9421 1
1328 -700 1
7860 5489 1
31 7770 1
8569 4680 1
8161 -4755 1
8241 185 1
2145 1340 1
2949 -1606 1
9913 3191 1
5801 -5425 1
7083 -5254 1
6537 7628 1
281 -1651 1
7949 4357 1
1941 -5411 1
6853 5392 1
7541 -5819 1
4577 -5886 1
9469 9310 1
6657 9980 1
1295 -5665 1
9126 -2604 1
3905 6795 1
9355 3454 1
6150 -5735 1
721 9724 1
3 -503 1
4353 1568 1
6651 -1889 1
8969 4952 1
6589 5474 1
9097 -4618 1
6975 7040 1
1982 5762 1
1641 -9591 1
6402 8216 1
5157 2103 1
7405 1718 1
2733 -5575 1
2369 -9407 1
1806 5297 1
219 4664 1
3242 -5143 1
7661 -3645 1
2979 8756 1
7055 4532 1
4226 -4018 1
4797 6023 1
8771 -6947 1
993 -1753 1
3066 -38 1
8421 -7271 1
9761 -713 1
9605 -2606 1
429 -5395 1
4757 -6171 1
2564 -7936 1
5973 -5260 1
7533 9609 1
127 -956 1
2536 6669 1
9276 5330 1
2379 -4351 1
3081 3275 1
6201 -6550 1
4751 5310 1
5355 -5690 1
3693 -5927 1
5169 8817 1
2976 3767 1
3261 704 1
89 -9142 1
8855 -7864 1
4709 -5815 1
8541 -770 1
8537 -5029 1
8245 -1744 1
1206 -8817 1
4497 3492 1
8314 -364 1
3409 -6074 1
3169 -6018 1
5265 -5944 1
2757 1220 1
5731 -8015 1
2597 1186 1
2779 4613 1
1 3167 1
2713 -2407 1
8733 -3157 1
1383 5620 1
4533 -5608 1
1833 8540 1
879 -7183 1
4106 -1 1
453 -1870 1
8373 -4497 1
7954 2685 1
9736 -220 1
8266 -5575 1
1391 9570 1
6073 -643 1
6561 -9428 1
6353 -7149 1
1531 6055 1
7275 -6067 1
7361 -2793 1
8913 -8702 1
1376 7069 1
397 9600 1
2044 9071 1
3131 2088 1
5897 8387 1
2675 1325 1
7958 9767 1
6045 -2100 1
6357 -1617 1
9421 1023 1
4131 3716 1
1161 6461 1
6491 -907 1
4344 110 1
1014 -9002 1
5085 5325 1
5912 -3153 1
651 -9560 1
8956 -8542 1
7051 -3156 1
4101 -1454 1
1825 -9991 1
4982 3641 1
513 4178 1
6261 8541 1
3401 1552 1
3747 7253 1
1701 5547 1
6577 1214 1
8915 -8335 1
