1000 10000
25 -839 101
3 4858 451
25 6899 482
3 6373 417
25 1552 21
3 -9201 331
1 -8962 958
7 -9993 59
30 -5250 124
25 9329 835
13 -5043 538
1 5377 726
10 7460 881
22 -292 425
13 6542 963
21 -9038 573
1 -2204 961
1 9243 561
17 -5935 314
7 3548 492
9 389 39
25 826 775
14 -8417 1
2 9432 36
5 9747 313
18 9722 544
25 -8956 941
13 9104 261
25 -3070 801
17 -1926 969
27 6587 297
21 -4161 345
11 2138 751
25 -9591 279
22 6579 245
7 -3952 261
21 2810 401
15 -2939 377
11 -9094 641
25 -4318 802
16 5533 801
19 -3082 25
26 -6266 681
15 5778 983
17 -3861 25
1 -3188 449
11 -8468 53
11 9947 581
21 6908 713
13 9790 801
22 5976 21
9 -2884 238
21 -2594 353
25 2186 911
9 5391 271
28 6932 950
10 -8643 697
22 -6001 903
19 5892 815
10 725 121
19 6530 6
1 8024 925
16 3549 713
28 -7084 451
10 633 261
19 6750 406
16 -8074 121
26 -2656 533
25 1886 335
15 5276 927
1 288 231
7 4583 149
26 3485 931
21 -2485 599
11 -2295 561
8 6056 771
28 7157 821
15 2846 552
13 -8469 351
28 8769 360
25 2389 741
3 -3796 369
13 6313 191
25 7631 353
22 7683 812
11 -781 433
24 9565 773
27 -2063 977
21 4594 405
3 4303 694
29 -7476 433
13 -9601 696
25 928 108
13 -4808 994
7 7327 117
12 -1975 542
23 9912 821
25 -11 916
1 -4009 285
21 5918 651
25 -7256 799
29 -9231 45
7 -2233 741
7 -7864 554
24 8336 77
25 -2731 299
15 -8252 171
8 817 595
12 5940 256
15 -4143 287
2 -3994 185
26 8365 681
25 -1024 345
7 -4432 849
1 1827 401
13 -8114 718
1 -3913 680
11 6941 174
11 9500 802
27 2111 614
19 1290 489
13 -8318 797
29 -766 126
13 -7088 597
7 -6223 901
27 -6885 163
28 -2300 864
1 -7136 110
16 -8872 356
13 4286 865
27 -9907 868
3 -3616 77
21 5717 193
18 -2713 901
7 -7717 676
21 -1237 253
13 -3883 669
19 -8020 615
10 3021 491
1 8666 41
11 8360 96
25 3201 654
9 -620 581
25 1527 642
25 6266 985
3 -663 535
19 3906 246
4 -38 675
29 -5015 286
1 -5060 833
11 -7223 81
25 -7503 401
17 5294 970
1 6680 67
13 -2627 225
15 6569 86
11 -7285 201
17 9570 425
13 4514 733
10 -8641 256
13 -7951 117
7 -2251 675
21 -5843 375
1 2036 516
19 -8467 886
11 -2497 501
9 7586 720
1 -232 276
15 -7991 848
9 -9670 465
26 9095 667
29 -1209 581
16 9791 652
1 3494 649
15 2909 945
21 -4230 879
7 -246 710
12 -872 405
7 538 974
29 -5425 963
19 -1586 285
7 -6013 98
14 4719 145
27 -575 354
1 5246 673
13 778 786
30 -6271 972
1 -6178 425
25 -6246 931
23 4100 96
1 9784 121
12 -5047 451
19 -2947 725
19 -3124 980
8 -9174 91
16 6821 537
7 -5809 430
19 -7681 182
13 -9231 366
13 5281 231
25 6377 586
1 -2017 251
19 -6031 137
13 -6554 833
9 -2131 170
25 -9546 169
19 1061 436
15 -4385 257
6 1412 721
11 1865 915
29 9416 73
29 -8812 844
13 5034 105
25 8128 458
11 -4412 9
6 7937 551
1 -3478 955
16 -5537 660
1 -3736 164
19 -7350 681
29 -9042 42
11 -2731 588
1 8071 281
19 8556 241
1 6287 985
2 -2794 733
28 4860 576
1 -2569 621
19 -582 541
1 9440 659
9 9266 1000
30 -6885 879
8 560 51
1 -5016 295
10 2365 145
19 -1854 25
11 -225 460
26 1703 633
4 1538 375
13 7708 721
11 -9157 276
8 5120 689
4 8506 964
11 -6337 393
7 9603 601
9 3808 229
1 2464 310
1 -6168 159
25 -3172 987
1 -3400 527
7 -4189 376
16 6191 659
22 -49 81
11 -2464 479
1 -7735 441
19 2553 335
25 8077 51
26 -1439 421
25 -6012 21
7 7871 449
11 1755 553
27 4975 912
23 -2944 13
11 6255 721
16 3197 307
3 -8932 713
26 5193 797
13 -2755 849
19 2747 201
15 3164 997
25 -4431 262
1 -2563 73
21 6152 809
19 3962 533
29 2660 386
19 974 658
29 -805 409
16 -8377 891
11 5255 681
27 -2092 909
7 8607 713
21 -5659 141
29 -3200 269
28 8237 417
1 -8260 993
5 -1730 523
19 5685 944
1 -876 681
11 -9538 753
16 6512 345
19 -7585 201
29 4916 721
11 4670 561
21 9098 378
5 -270 120
16 4688 501
27 2537 341
28 -1930 283
25 -7030 141
23 7948 165
3 -5955 731
11 -304 729
11 2024 600
7 -9163 166
19 6739 205
13 -9023 441
1 -2002 873
16 652 568
6 -9787 509
21 -2502 641
1 5372 387
29 -5632 169
19 -5578 889
1 -8754 985
9 3387 474
22 395 917
13 7183 159
19 -9662 231
1 6327 661
22 8748 335
11 -678 911
19 1741 815
28 -9878 137
22 8834 428
11 -3316 591
15 -4233 985
1 5627 705
15 6266 137
2 -1248 374
28 8390 381
1 -9435 396
21 1709 71
29 -4801 281
19 8703 124
25 -3535 441
7 3609 437
13 -4123 253
23 -8488 609
8 -850 511
7 3648 673
25 -1386 984
21 -2926 751
1 -8106 41
22 6387 332
6 -8273 33
22 5019 649
12 -667 376
25 2243 460
1 8945 957
19 1674 329
16 4778 765
12 3572 523
30 4764 274
5 -4556 669
25 -247 991
21 -6499 411
19 -1885 401
27 9941 322
7 912 339
25 -9774 796
30 -92 441
15 -6633 151
5 2776 140
21 -5032 221
29 -8826 431
25 -9937 607
1 6864 977
19 -8532 219
19 -6631 121
15 6284 741
30 8881 465
1 1378 199
13 -5087 727
3 9095 976
10 7663 577
10 7862 89
26 6777 712
21 -6452 909
22 2342 161
9 -4075 597
13 7067 681
11 6756 551
25 -8706 137
5 -1165 901
11 8921 529
5 6173 677
5 -7519 851
25 3717 603
25 -5248 505
27 -9625 831
7 9194 826
11 6860 77
9 -6224 441
19 -6485 561
1 -5797 936
1 -1381 520
16 8300 265
15 -345 990
1 5261 609
26 2837 9
17 4942 297
3 7663 830
27 -5212 158
17 -7348 976
6 -713 206
7 9173 897
25 7859 699
1 -2191 674
30 5528 625
1 -1420 596
23 5482 327
25 194 886
1 7367 786
16 -3576 82
23 5290 659
11 5075 43
13 5822 814
19 7332 807
30 6566 413
11 -8169 519
1 -1023 751
21 -7933 213
23 -8546 697
5 6576 73
1 4862 585
7 -7765 5
28 -7591 91
25 -3079 834
13 7922 717
8 362 329
5 -6899 956
27 -7613 177
7 7468 358
16 9880 203
1 8112 454
16 6356 33
22 7156 521
25 -8569 535
25 -4939 144
27 3522 257
21 -1911 586
25 6251 885
13 -5623 321
2 -232 941
28 1227 297
25 7287 321
1 1698 299
10 -5449 969
1 -9799 427
11 9495 898
25 -5838 861
12 -6568 336
27 6191 529
1 -498 343
1 -5046 68
29 4881 918
3 6037 337
21 2519 228
21 -8654 651
17 3606 316
23 4736 993
21 -7630 217
16 2405 128
27 -8236 936
2 3812 793
3 -5366 828
1 -1488 961
29 -4928 277
19 2567 646
13 2738 197
1 6548 851
13 -5107 731
9 -5097 361
13 -8895 151
15 2998 285
7 6728 1
13 5168 844
7 4268 907
17 -2981 791
26 2609 56
2 -4996 604
1 -4159 577
17 2435 481
21 -1078 189
3 3087 181
11 -237 729
29 7790 550
6 6662 358
5 4747 892
21 4331 821
25 6450 801
1 -7849 553
22 3241 767
1 8092 561
1 -1859 1
23 9721 321
1 -1162 192
4 -7423 444
1 -4399 136
1 7722 905
1 6809 337
17 -295 267
25 649 84
13 -1091 9
11 -6546 841
13 -7324 418
9 -471 426
1 1494 243
1 8843 496
11 -5608 693
16 -7197 974
3 5178 153
11 2654 163
25 8672 265
3 6585 122
17 5120 601
19 -6106 761
1 -8913 9
17 -4857 596
7 -1711 283
7 -7126 449
20 -2294 93
5 8639 891
28 -5581 375
7 -3895 878
7 -9931 481
5 1746 886
29 -8086 589
1 -2333 721
25 -1581 221
16 -5632 211
18 -1279 299
8 -7617 64
11 -195 769
28 -41 536
19 5170 395
3 -3603 653
21 -1409 634
19 -1678 858
21 1366 637
23 -9904 609
13 -5130 911
5 5927 609
18 -1802 426
19 8860 741
11 -5794 663
1 -8466 730
15 -4303 541
11 -6637 125
15 6569 376
1 -3238 131
17 -983 191
7 1387 761
6 6198 667
19 -4738 717
29 -4915 741
19 -6843 301
19 -5312 129
12 -652 16
18 -3391 611
14 5238 321
19 -3109 137
1 -7876 39
3 -8248 741
13 1349 841
22 -385 701
11 -1349 752
20 -8986 364
1 7546 715
19 8644 943
15 -4838 532
1 -8903 769
19 2331 177
25 -5699 51
11 8441 402
25 -1193 329
27 -4479 499
20 1526 600
1 6692 906
4 -5899 231
1 6395 227
22 9929 201
19 503 74
8 635 775
9 -4021 19
17 -278 625
30 7669 671
1 -6376 981
23 -4642 996
19 -3583 896
17 -3923 349
7 -6564 379
2 4473 677
1 -2035 698
7 -5890 311
19 4133 145
25 -2051 897
7 -5794 94
10 4793 466
18 -9523 811
11 6338 926
13 -2014 593
19 -3143 251
5 5198 32
30 -3899 638
28 -3 473
28 -3097 418
25 -4754 833
17 5614 937
1 -3089 841
14 -1697 611
5 -5641 219
29 4918 944
1 -8358 281
17 -1908 5
30 1466 423
13 4550 157
13 -1441 157
13 -9971 49
25 3666 929
25 -7645 547
26 -8584 287
1 -5155 391
25 -4267 754
1 1229 481
1 -6041 728
10 -5620 803
5 9066 587
9 6217 819
10 -5576 417
7 1527 307
19 8757 957
5 4199 751
7 -6643 811
1 4130 451
26 2533 781
11 -8586 271
27 -4552 4
19 1952 675
1 -1930 223
17 6781 280
1 2090 393
29 8893 175
19 1440 634
1 -3085 921
19 8522 701
15 -7834 275
9 -3756 472
7 3687 201
16 6764 746
1 -4069 145
1 -2828 577
13 -9636 771
13 3966 759
25 -2960 971
11 -9710 981
5 -9392 361
26 -8318 361
9 3230 303
4 -5093 990
21 -4181 161
11 4936 912
13 8379 849
15 1327 651
9 5809 453
5 6152 313
26 482 105
1 4963 502
13 7301 251
13 1280 69
6 6805 159
1 -8302 9
10 -1535 1
4 557 882
23 -172 941
17 9861 381
1 2994 25
6 2975 108
9 -5479 433
16 -2382 121
11 -1719 561
4 7826 702
1 -2531 247
11 -8028 245
29 605 305
27 -9552 77
5 -5638 556
21 -1921 976
25 -3563 134
28 -6628 721
27 3198 367
19 -9567 625
13 -1563 865
13 -1408 279
26 6085 743
23 -9774 563
27 -6401 681
12 5295 431
23 5988 974
19 -9458 296
1 -712 434
19 1007 781
3 5093 417
7 2626 993
26 -1398 291
11 3617 371
16 3289 25
6 4358 934
21 3849 829
13 9848 159
21 4781 437
4 -2295 801
1 -5295 45
1 3227 560
6 1350 734
14 -6778 601
15 -2316 701
4 -7093 199
16 -2563 343
4 -8904 745
19 5951 449
7 5976 33
1 -581 305
25 -5192 313
20 -7461 446
7 3434 51
19 7933 665
6 1823 369
23 -5627 647
1 1640 197
22 194 201
22 -5677 721
1 1969 87
25 -326 211
16 2840 600
2 3728 676
25 7997 905
4 -6211 833
9 9218 623
9 -5546 766
5 9035 459
24 1195 3
19 8001 679
7 -3592 104
9 -1405 209
10 -8497 589
21 1457 375
19 -9583 960
18 -3838 819
11 -3123 625
19 1373 601
1 -5870 900
26 -9616 380
16 2681 71
11 -8401 443
27 8282 759
29 -8361 481
7 652 183
29 8827 381
1 5497 227
19 431 3
29 8063 281
13 -1619 721
25 -2851 403
9 -448 679
3 -2303 710
13 5784 323
1 5492 429
16 9090 181
7 5407 264
27 9875 12
1 4352 350
25 -826 336
6 -2185 257
3 -3463 142
19 -7348 541
7 -6123 371
25 5741 921
1 -3344 511
16 5003 431
9 -6937 409
13 -8284 999
1 -38 657
1 -7537 897
3 -2687 713
16 -1105 309
25 -3937 577
27 2840 1
9 -7972 187
9 1106 559
27 9769 275
25 -3172 449
16 8779 712
4 -2215 791
27 4145 901
15 3135 313
23 2420 62
29 3028 276
13 -202 781
10 9299 426
18 1183 195
12 1759 693
25 9400 917
16 -916 904
3 233 226
1 -5547 317
1 -4978 543
25 -4045 249
16 -8801 565
1 4588 307
7 5981 565
10 308 719
14 -1252 53
25 1399 194
1 -6370 336
27 -1143 737
25 4751 957
19 -7331 283
25 7706 285
16 -7681 241
21 -4792 677
11 -5857 916
19 5321 125
25 5342 637
9 -681 499
1 1388 926
29 9780 191
1 -216 356
1 -9494 811
5 -8775 225
9 -8551 277
9 -8370 321
19 -9340 921
21 -9665 638
11 5543 557
4 5906 146
9 -3862 301
13 8665 418
1 -4285 904
21 617 561
11 2678 325
11 -6751 473
22 -9394 123
7 7312 686
1 5843 731
26 5216 825
21 4199 466
28 -3503 631
16 -7312 269
10 -7168 571
25 -9063 4
19 536 961
13 -3610 99
13 127 267
1 7223 951
25 3621 238
1 -4210 936
1 7085 241
4 -8361 139
21 -9671 500
20 4088 100
11 3533 431
29 -6377 661
19 9488 681
18 1269 722
21 -2334 472
1 5122 681
18 3772 553
9 -685 866
4 -8121 689
29 -1146 525
1 -4620 850
25 -4997 836
3 -2821 269
1 2972 129
19 7744 261
21 -5952 979
27 426 679
28 -5908 623
28 -5856 593
7 845 601
21 -1156 747
1 -6959 361
1 -2383 481
20 -4969 219
13 2936 281
26 -5072 565
19 -9133 41
10 1142 209
28 -9589 321
29 -3510 987
17 -3841 732
1 7393 401
15 3458 825
21 -8569 833
13 6237 655
13 9206 745
15 3893 319
19 9962 957
17 -5191 679
23 38 343
8 -1630 728
21 -5548 20
10 8202 431
7 4523 729
7 3729 601
11 7201 741
29 1238 921
13 -8215 477
21 637 341
10 2710 476
13 9950 423
27 3014 593
16 -3467 269
25 -7185 929
7 -1363 777
25 2299 221
16 -5535 106
7 -4231 626
27 -5539 544
15 7150 496
13 3929 715
19 -2436 933
13 7013 886
1 6579 36
1 -5749 106
26 -5772 689
21 4304 931
11 -6506 230
19 4538 961
5 7001 101
23 -4987 795
22 3032 707
3 -3356 243
13 6737 357
19 -6397 9
22 -2542 978
17 -1721 561
10 -4078 361
11 -7600 489
1 -4108 701
15 7031 486
24 -3591 107
16 3518 154
3 -5464 478
30 8627 126
23 6626 137
10 1927 362
13 -9837 1
6 8924 437
21 -2050 30
1 -4565 821
30 3440 761
1 6763 201
21 8453 356
27 9333 296
15 5891 431
1 -4331 565
21 -5494 36
23 -8012 835
1 -1155 301
1 398 52
11 5059 512
10 1492 985
14 -7089 65
13 -5170 421
3 -7534 926
13 -5487 325
29 520 48
13 2737 277
7 -335 841
22 -4699 856
18 1270 509
1 6041 809
13 956 697
21 -2154 757
22 6713 769
6 3992 851
10 6404 236
1 1619 295
7 3411 535
28 -997 83
21 -8251 265
10 1779 899
25 5180 724
1 788 450
21 725 663
1 -1704 417
26 3221 737
1 -2821 421
25 -2251 319
1 2790 521
1 -8509 88
24 1241 867
21 9610 811
1 3121 29
28 -9302 681
29 493 901
21 -7660 255
13 -8624 171
