1000 10000
13 -3982 79
10 -2456 151
8 3392 368
3 1005 521
19 6620 345
9 -7305 689
7 2121 849
21 -5942 891
21 -4417 632
26 -8701 83
27 24 141
25 3172 698
19 -5804 241
6 -8199 834
21 -5946 51
5 -2731 255
17 -1728 256
1 5693 663
26 3629 455
27 4889 380
10 3103 735
7 8192 513
7 -3456 601
11 -1826 997
25 -6243 601
7 -6142 759
1 -4025 505
11 822 396
7 9704 745
23 -9661 697
11 2879 981
16 8215 81
21 3696 776
19 -3451 332
21 6773 169
19 8925 393
5 -8507 552
12 -2851 697
9 -2125 9
14 -619 302
4 6271 857
24 -2816 499
1 3182 561
1 -2584 61
1 8963 509
6 3795 376
16 -6457 929
25 8405 235
7 -9847 555
13 -2776 209
26 4145 901
15 5583 741
9 2948 899
17 2171 185
27 4750 701
5 1571 557
7 -1905 131
19 -4345 173
11 -6349 202
17 7093 383
1 3677 369
22 -1561 723
19 -9420 548
7 3141 413
16 -9266 963
9 1993 699
1 -106 578
16 2580 979
15 -6381 935
16 -9308 106
7 1115 171
26 -9833 89
17 9271 641
25 -146 970
7 -6442 411
3 -4562 145
19 3699 785
19 4144 974
7 -9178 337
1 8580 851
21 549 511
1 6873 341
22 -6157 434
16 9599 668
13 -3923 665
11 2153 889
24 -3128 881
1 -4049 351
7 2669 617
18 -2439 715
1 -1007 561
4 -3931 403
20 164 167
1 -8524 327
11 -8057 325
22 1964 639
1 3683 357
25 7592 386
1 1546 137
13 3791 861
18 8534 86
17 -3506 47
9 533 626
11 -766 541
1 -845 389
28 -7960 584
21 -7334 972
11 -2810 681
8 -3607 481
1 -7838 53
4 4720 251
10 -5733 905
16 1504 137
16 9595 961
11 -174 388
27 91 560
29 -930 425
25 -1771 465
21 5077 99
19 -7270 157
7 7589 101
25 -5329 507
16 7491 376
17 -2319 309
27 4819 553
7 -4363 492
11 -5488 249
14 -6109 756
19 -8839 311
6 4791 391
13 -7546 701
13 -4697 551
16 -4436 777
10 1843 743
24 -1053 951
5 2657 31
1 -8443 65
1 -9046 3
21 6644 967
22 -4671 617
1 4689 761
13 7793 501
21 680 767
16 -6127 672
11 -6420 535
16 -4978 646
19 -55 225
7 7640 396
13 4926 287
21 -9349 937
16 2876 186
19 -910 853
19 9907 748
7 6141 56
7 1007 382
9 -9259 284
3 -6547 956
13 2775 855
11 -5089 501
4 9851 379
13 -85 989
19 -4178 161
29 -5050 241
19 -4411 946
13 2171 17
30 -5136 251
5 -4003 224
1 8586 636
25 1020 177
4 2800 861
26 5299 857
24 9725 961
28 -2385 141
16 5193 481
1 6559 421
5 5894 289
23 9380 522
24 1413 123
22 -5040 825
11 7947 814
25 4031 794
22 -6454 257
13 -3130 860
13 -8814 981
28 7151 701
28 9175 489
4 -2971 365
1 -4607 385
25 3075 217
16 3491 17
21 -4454 787
28 -7043 617
16 8599 708
19 -1377 460
29 8519 863
2 7012 151
4 9281 601
11 -1541 694
29 8 623
1 7095 217
3 8636 6
24 -2437 251
13 4232 11
1 8267 648
10 6071 139
28 -5956 379
6 9855 449
7 652 791
13 2279 583
1 59 919
5 62 881
8 85 520
28 6136 339
27 -6242 951
3 3191 69
11 5388 46
11 -7428 1
9 9428 986
29 -472 105
25 6548 831
21 -103 5
10 -7092 373
27 5837 204
1 -8812 990
21 258 466
2 3446 937
19 5495 23
3 -497 711
23 -6564 713
18 -7179 731
25 4211 637
1 4475 805
4 -1852 721
26 -3517 561
1 2984 660
16 6350 251
9 -4238 524
19 -4942 435
13 -9704 574
1 6410 372
1 8009 821
25 -5467 221
1 -3463 605
1 -4157 415
28 -1699 1
13 1415 201
25 -399 999
11 1865 831
21 -1159 41
1 5900 505
13 1351 257
13 9221 129
25 590 331
21 6999 301
1 7423 30
29 9152 854
23 5592 361
17 -5443 251
25 -8984 729
10 8783 492
15 2721 129
25 -3294 385
4 -9239 113
16 -31 379
15 2540 212
9 6303 39
15 8714 946
7 3530 851
11 7805 689
8 1397 252
15 3392 521
1 -3902 176
9 8159 197
11 3795 960
26 -8131 447
15 2849 612
17 8053 196
5 -4318 886
11 -6451 336
13 -8874 673
1 -3882 783
11 -6318 134
25 410 984
1 6484 845
21 4697 810
29 -5133 867
7 -637 659
1 -2265 425
16 -7906 541
9 146 736
3 3355 506
9 -7897 757
7 -2479 891
21 -922 267
7 -9935 553
1 1677 571
1 -8872 497
16 9250 282
5 -1578 485
19 2754 713
19 -3130 226
8 1919 93
9 3023 361
21 9398 177
1 -5844 265
19 6167 60
1 -4029 306
6 -7408 513
25 -5401 936
1 -3203 32
9 6774 38
4 5198 867
13 -7613 205
21 3690 489
7 -5640 125
13 -7829 825
7 2305 693
7 -9655 51
19 -7612 245
19 5277 183
10 -5353 687
19 -9760 692
28 7731 273
11 -5536 678
19 -4164 205
29 7369 802
3 8620 301
13 543 752
4 2494 149
11 9974 809
7 -6049 329
10 -7274 811
19 7213 247
9 8205 489
1 -5510 781
28 1854 425
9 8634 871
1 -9350 499
29 -6396 468
21 -8844 740
21 -5470 347
25 -2343 651
16 7518 805
1 -3976 979
20 -1921 651
1 -6454 824
7 2647 17
19 -3694 957
25 1940 505
11 -7285 661
7 -6833 914
1 815 217
14 3164 227
11 -7984 717
1 -7196 917
21 8095 646
19 4520 57
15 8721 541
23 -9636 26
22 -969 932
22 -1417 317
10 -8422 769
9 9992 76
19 -6592 518
1 4751 849
7 -8407 185
25 -2882 969
6 395 581
1 6377 233
1 -1228 694
3 1011 57
10 -1190 311
20 -798 831
26 4438 84
28 -9320 417
1 -5959 351
19 2534 890
7 -7233 251
21 -5260 401
11 5184 178
23 8867 140
1 4328 431
5 1571 775
19 -7316 347
25 451 713
3 7346 333
16 1044 711
29 -5045 253
5 -4525 551
19 7410 341
13 -4854 357
1 -31 456
7 1536 769
13 6265 265
1 -6901 601
25 6700 713
11 1160 679
1 7374 819
7 -3127 413
7 -7519 112
1 4697 228
13 -4613 453
5 -6541 21
26 -8467 148
19 -4902 493
19 -8636 593
29 8649 5
27 1625 333
12 -1292 961
13 -2248 161
7 -2293 269
15 -9901 29
1 -5005 473
25 95 113
1 -2156 113
1 2207 228
1 -540 955
2 6779 161
21 -9004 646
18 3454 37
16 -9397 130
19 -152 873
1 -5479 815
3 -9115 531
28 5227 113
11 3314 9
25 1416 709
27 -5571 501
13 -1707 497
11 -7958 299
7 -7729 20
3 -1711 371
23 -621 921
23 -9445 841
28 6761 347
11 947 213
21 3478 743
3 -5855 786
9 -3825 601
23 -5275 897
25 2729 390
21 9791 178
19 9326 711
1 8311 132
1 -1205 603
15 9706 686
19 -4444 481
19 7655 361
18 8049 333
15 325 316
1 -9892 699
7 2117 71
28 -633 799
26 3168 534
19 -3124 493
7 -7295 607
28 -4612 814
25 6526 288
23 833 436
1 -2421 151
25 8182 646
21 8933 1
1 5243 399
15 -8815 213
12 5910 586
11 -5528 442
7 -5236 49
4 -2476 531
13 9442 514
17 -1174 171
19 -2818 521
27 7001 247
11 -4484 751
1 3725 431
17 -799 741
13 5767 931
1 2137 446
19 1385 862
1 -6775 601
25 8336 611
7 -5746 417
29 9243 851
25 2159 581
1 6203 983
24 2393 288
13 9549 381
14 8845 81
28 -9076 254
21 -4168 729
30 -3826 478
7 -4971 524
19 7248 721
21 -5098 485
3 5708 493
6 -5912 943
2 8883 545
22 1126 521
10 8033 305
23 8918 497
11 -1423 101
23 5982 761
21 -547 663
5 7204 422
16 -6634 154
1 -9841 932
16 9005 763
26 162 245
25 4679 133
7 524 141
1 -7662 526
7 -9693 545
26 -3319 336
17 -2723 913
13 3422 717
1 -5024 3
22 1676 751
9 7112 539
7 9310 321
29 6942 345
1 7151 665
19 599 176
21 3866 1
19 5843 66
16 -6324 279
1 -402 865
1 5213 705
3 -7428 734
1 -4700 889
23 -123 841
23 9587 751
1 4026 497
21 7887 324
1 -3940 429
13 -7312 341
6 -7846 705
7 9671 617
27 -8434 263
19 5879 544
8 -1977 503
1 2135 731
11 6889 832
4 4731 635
21 141 671
15 -4180 743
18 -7804 401
4 -5400 729
11 3222 699
25 5191 560
25 8462 569
6 -1305 357
16 6941 863
9 -3980 99
15 3309 985
25 9329 825
27 -7376 25
9 2863 985
16 733 505
15 9160 713
26 -5887 797
25 6618 296
28 -6425 51
1 -7594 511
25 -4043 691
21 5811 71
13 9244 643
1 -9688 153
1 1305 627
16 9776 696
1 7155 521
7 -5036 371
6 -6563 121
1 6281 471
28 8506 945
1 3206 639
13 -1796 885
18 -3636 489
1 -118 167
13 -8386 261
1 5948 13
29 425 881
5 3724 566
13 9344 218
6 3249 871
19 2198 406
1 -3424 561
1 -6814 551
4 -7534 801
5 2138 953
19 -3609 346
21 -9863 809
27 9989 929
19 -112 526
13 -5110 821
29 -523 833
10 -1486 701
12 2427 27
13 3887 92
13 -4582 328
19 8317 452
13 -4704 959
1 1344 191
9 4113 86
7 8699 107
7 3026 600
13 755 843
1 4739 89
25 -7906 816
1 -8697 621
1 9533 225
23 4463 751
7 -7030 176
10 -614 521
23 4980 729
11 -5473 595
21 -5215 391
19 4648 833
24 -4556 629
16 1442 333
19 9005 841
16 -6680 856
15 -5158 714
22 1854 486
16 -8547 496
25 -939 501
25 -5065 126
3 9255 581
1 7718 829
1 7055 881
18 -2008 461
13 -3880 873
6 -6424 569
1 6693 121
7 9176 937
1 6597 164
21 -1685 49
29 -4454 739
20 -7669 977
18 -7000 233
27 4169 385
19 4573 666
25 -5919 107
19 7832 345
13 -7662 964
30 5753 221
16 4862 507
29 -345 813
21 8609 77
7 -3928 23
16 -5326 305
21 8422 871
9 9707 379
16 -6514 859
9 -2705 751
19 -9889 371
25 -1471 971
21 6477 691
19 93 289
21 5580 285
15 9508 151
19 -5596 988
23 -5491 761
15 -9106 163
25 -5573 330
1 -1960 483
1 -4264 256
22 5948 74
14 1592 670
1 -647 1
13 -2399 895
1 -9528 151
9 36 321
21 -8157 169
9 -1681 586
15 1517 615
11 -3835 332
6 3216 722
11 -6601 407
9 8033 39
1 -2636 837
28 -9354 493
16 2864 113
9 -1660 181
7 -4162 81
19 7460 151
21 -1525 180
23 1102 959
1 -8575 107
9 9770 737
25 2588 361
17 -2776 288
1 5510 721
13 -8394 199
23 3747 11
1 -7899 751
1 -1918 189
25 6523 25
17 -2371 633
1 6641 725
25 -9075 485
1 7214 541
19 9273 84
9 -9784 696
19 5523 211
1 6756 633
15 1436 281
19 3094 295
7 1415 462
5 -1882 868
1 -2245 378
23 1576 326
4 664 247
7 -4384 601
21 -5173 470
29 -5380 157
4 3060 193
7 -7210 993
23 -3946 478
19 -8094 332
6 -9330 351
21 -2959 618
19 6578 663
12 -9939 529
11 9137 361
1 35 239
25 -472 233
3 -6952 57
25 -6032 966
1 -6154 283
4 6842 695
19 9902 620
27 3375 918
1 8606 601
13 -3042 983
25 2791 517
7 9230 926
17 5265 763
25 475 737
21 -3871 865
1 4317 276
9 6032 881
3 7466 191
27 -241 591
26 -6392 651
29 -5765 883
1 -4731 761
10 -6241 117
12 -8823 87
28 7040 170
22 2683 277
6 -277 501
3 457 439
11 -6460 810
25 -7073 501
1 2851 321
9 3808 361
3 9 187
16 -6625 73
7 6042 199
16 -4618 601
7 4326 499
28 6224 217
23 -9322 386
25 8266 131
11 -6166 475
11 6738 161
23 -5599 497
19 4547 997
5 -6633 703
7 -786 411
25 -8470 841
29 -5974 677
19 3653 101
7 -1197 851
20 -1301 737
25 -8665 881
1 -4979 627
21 -2207 172
9 1577 891
17 7540 59
19 3209 401
30 -1944 949
9 758 481
29 2988 231
1 7169 610
4 -513 417
4 3021 626
10 -3186 621
2 -1681 668
16 -3367 289
15 3091 78
1 1145 677
7 -7252 861
27 -7582 145
3 3856 279
12 -7674 815
7 -4316 366
1 4500 601
15 6099 293
25 -9979 377
19 -2077 17
29 8889 681
17 9060 982
13 650 140
23 7987 921
6 -4723 23
5 4228 911
27 6704 817
21 7659 305
16 -7466 857
25 -6673 485
21 -6255 621
1 -5038 328
21 -3100 801
21 -3445 241
1 -9056 523
9 -292 651
25 -3299 999
1 -559 13
13 -4195 151
1 -4997 957
10 -7090 261
13 3944 699
9 -7024 421
19 7742 813
25 -7795 471
11 -1679 141
15 -6241 745
23 -9848 1
16 -2277 797
1 -2257 972
9 4025 832
13 3509 581
1 -1001 771
7 -4128 117
19 265 581
1 944 70
16 9970 423
29 9193 746
7 6689 755
16 5081 21
11 -5331 541
1 -6452 301
13 7171 703
11 2087 542
27 -1009 693
27 -9082 791
1 6123 36
17 -7738 511
23 392 757
7 -5060 531
1 6739 651
1 -6207 231
23 6712 711
13 -3615 1
7 731 585
3 305 596
25 1794 85
11 2321 663
19 8506 681
1 5255 293
4 -1642 946
12 -2432 301
9 6731 185
17 1128 109
7 -461 877
11 -6969 976
9 -3507 861
24 3368 969
7 -8470 883
25 -7239 241
15 -1738 381
17 884 605
1 -6142 341
20 40 721
19 8284 377
23 -4763 179
16 3295 471
30 -3828 971
27 -7648 31
13 9268 753
7 3765 901
9 -3324 247
25 3752 576
29 -6165 459
23 5748 705
1 6668 360
21 2759 221
26 808 796
25 3798 650
16 -3327 489
1 -272 581
21 -7489 123
6 9115 333
15 -8365 891
3 -1078 15
23 -3684 612
19 -8781 96
27 1982 866
4 -9095 421
11 -2569 183
11 -4242 359
27 1558 77
4 -7287 915
19 1884 579
19 5132 681
25 8648 925
26 309 601
21 5109 422
28 -9070 991
13 8736 646
11 -5590 396
6 7992 967
1 -5563 681
5 2841 536
6 9612 97
1 -4174 252
14 -9225 676
25 -6838 263
21 3436 732
1 3587 387
1 -5541 801
13 -6535 960
29 8672 632
11 2525 690
6 9539 999
9 -235 996
1 5871 485
7 -3685 865
19 -1678 503
1 -7854 57
1 5088 13
21 1982 89
7 -2923 397
19 -4730 37
16 -5410 107
29 -627 746
1 3376 921
7 2540 38
28 -6478 273
11 6824 461
21 3798 875
9 6551 529
11 -8617 289
13 -6066 338
24 -2101 932
10 8593 769
1 -5662 379
26 -4366 425
5 -8720 41
22 2308 841
10 1385 985
16 9881 830
11 -6111 6
6 8492 401
25 11 750
21 -8983 825
27 2676 351
6 -7674 273
11 1153 53
1 6161 673
7 677 546
21 8024 831
9 -3062 905
1 -1930 451
21 6087 957
4 -7 86
26 -5604 883
29 1302 888
15 -8398 774
11 5360 145
22 2579 923
11 -9504 915
11 -4770 637
30 9983 746
21 1481 772
1 7895 791
11 -2499 941
15 7624 515
19 -9505 41
7 1451 963
1 -5360 831
19 8408 642
1 4934 607
3 3059 848
18 -9807 625
7 -4962 850
16 -7699 105
15 -7374 6
28 -1075 336
22 -1615 117
25 6863 308
1 -1841 998
26 1107 220
21 9236 41
27 -5191 670
29 -3562 525
13 -20 394
19 -175 769
1 -853 261
20 -4939 1
