1000 10000
13 3482 433
13 -5503 296
13 110 21
21 8399 376
25 8862 513
24 -9763 938
8 4076 313
7 749 217
15 5006 376
1 -1051 161
10 -6711 731
16 7613 705
4 -5103 597
27 6856 17
19 1043 497
1 -3208 913
23 -6585 216
4 3077 653
18 -8890 624
1 1640 566
21 -6523 136
10 -2599 201
3 6984 782
4 965 966
7 7538 309
23 9917 278
7 8178 699
1 8934 573
1 5837 944
30 1077 241
13 7889 201
17 7656 532
19 4010 768
13 -1147 643
15 6836 849
10 4661 481
3 3773 628
12 1701 409
13 2300 957
23 -312 121
25 1004 924
5 7267 969
19 -4257 963
1 6569 781
11 -1120 771
11 -64 417
19 3664 797
22 -7954 876
22 -1018 101
13 -5459 950
21 3375 337
1 -1078 987
12 1319 639
13 4483 985
21 630 461
7 -6928 679
7 -4076 644
13 -909 158
1 -8827 777
11 -5485 476
15 -8491 857
1 -151 329
15 -8656 301
13 -366 491
28 5767 745
19 826 21
12 -1051 361
13 -7232 962
21 3734 245
13 8469 572
4 -9798 916
23 5261 89
13 -8814 501
10 8627 361
3 9822 233
11 4335 379
16 9078 63
1 2302 31
13 -9994 504
25 5048 813
30 2252 303
11 7265 22
10 6314 749
9 -4051 496
1 1741 117
25 -625 997
11 7385 191
22 -1246 695
7 -289 637
16 5375 377
26 -8425 133
1 2177 453
15 4184 623
1 -6769 497
21 -1798 847
1 -1006 785
27 6210 801
21 -3311 795
4 6131 770
4 -8853 688
16 -5271 249
21 3893 481
19 -3681 471
4 -1033 296
19 -7064 61
22 -6961 14
21 -2108 543
7 -353 139
26 59 790
11 -9739 828
24 3611 472
13 -8416 724
9 2774 301
17 -2193 239
28 -3451 800
1 3796 1
28 3964 665
1 9884 157
1 719 554
25 4964 715
19 2378 455
14 4743 508
19 -4952 530
29 -8298 692
15 930 593
19 2840 671
9 759 444
28 7995 505
13 -4426 301
13 -8731 361
11 -4859 193
21 -10000 651
1 1397 769
13 -5679 29
22 2163 826
1 3176 353
7 -1539 701
13 -296 101
11 7334 413
11 -2926 109
16 1364 904
16 -1945 241
29 -1598 437
10 -2300 208
16 -727 53
13 -5413 105
19 -43 691
21 3496 597
25 2437 837
11 1487 357
21 7307 537
1 8127 511
7 -3966 913
11 -4786 546
14 -8326 471
27 -5105 708
27 9145 676
5 -4813 421
26 -2024 515
16 5407 257
1 -4673 401
1 2776 636
19 -5725 756
20 5477 67
25 -7798 604
7 -2369 128
19 1163 897
7 3866 841
19 6618 549
9 4934 849
7 201 141
1 6768 403
1 -3070 211
13 8486 181
1 2042 345
10 7428 921
3 2030 316
16 705 961
16 8054 241
7 -5391 757
25 -9097 329
6 14 785
1 -1897 241
19 -5386 136
26 8254 713
9 -7112 296
16 4799 807
17 6913 719
7 -2544 92
13 -8953 168
19 5399 330
29 -3086 277
14 -8544 1
27 8380 771
19 5843 153
13 4567 788
6 -9302 510
15 6794 335
11 5536 867
7 -7677 893
13 -2908 706
1 7540 937
17 9809 182
25 6026 67
16 -7274 829
7 7151 397
1 6317 450
15 9859 318
30 -1818 813
1 -7640 847
11 -1616 921
28 -9514 751
29 6149 326
11 5413 137
1 -1424 433
15 -2994 169
13 -6546 256
19 9158 663
14 -5485 425
4 -3877 261
1 7006 624
19 3623 601
29 -9803 273
16 -4529 261
16 -7442 166
13 -6694 205
21 -6073 233
7 -7486 937
1 8419 51
1 -8292 679
26 2218 598
17 3176 961
11 1286 265
13 -2825 401
10 -3013 1
26 -6936 151
19 -4636 261
3 -6831 911
21 -2614 5
13 4457 696
21 2651 981
9 -3187 917
26 -8530 843
21 4289 505
14 6883 447
17 3642 185
27 6272 429
2 9089 397
10 5908 994
1 -7076 414
7 9573 201
25 8752 27
21 5300 578
12 5798 733
23 4967 569
25 -8824 376
23 -9919 625
21 -9599 903
27 5303 95
16 959 633
6 -1258 545
1 1331 816
13 9268 903
13 9391 659
20 6062 511
10 7523 802
19 9060 31
17 8762 71
13 4896 531
19 -2204 486
7 -5734 879
19 5840 121
16 -1294 417
1 5895 412
1 -6391 777
10 243 669
29 176 251
11 4913 224
7 -1690 291
5 2553 632
27 -1293 911
27 -7562 371
26 6797 720
17 -3106 351
20 2031 656
5 -4708 281
16 -6987 576
1 -6821 511
7 2716 556
21 3356 424
26 -6288 721
25 -1027 825
13 1031 844
7 -8584 136
21 -4342 1
25 -1606 441
1 5593 951
25 -9661 471
1 -5308 1
3 -142 861
23 -8097 849
1 -3322 901
9 -1807 766
26 8400 39
3 4964 475
13 -6177 312
3 6728 986
19 -4636 176
25 7112 541
25 -1 481
25 -7907 151
21 -9175 945
25 -8449 695
23 -7924 769
16 8989 73
18 -6752 873
1 -7000 927
25 -8441 433
19 -5617 809
10 -822 174
27 1912 441
13 -7400 228
21 4753 913
25 5326 621
30 -10 741
19 -6354 251
1 -6392 137
1 3952 201
3 9957 159
14 6788 401
21 -8658 17
29 4371 585
25 -7441 609
1 -9022 561
1 -9933 609
11 3845 241
1 9899 417
7 5126 883
1 -3868 643
7 8792 243
25 -2932 947
7 -8555 81
19 -8581 299
7 -9387 81
19 497 446
12 5450 121
1 -2293 930
11 3116 574
28 -4054 185
1 -8069 69
11 -7911 321
25 502 601
27 9096 773
21 2419 217
28 -7277 394
27 -5677 397
13 3395 571
2 9818 495
5 2345 362
1 -739 601
22 5808 157
6 1608 641
13 7730 333
22 -5871 47
23 313 625
1 8273 1
2 1763 722
7 -9928 661
4 2517 823
13 -570 327
1 -5853 786
1 4424 165
26 2234 437
25 1313 801
5 7252 312
16 -6587 281
27 2166 849
1 -8287 69
1 563 465
25 5271 777
14 -9111 36
16 -6982 686
17 7990 608
15 -7483 79
19 3322 181
11 419 826
6 -2224 181
29 5488 583
13 -6677 876
21 -6959 497
15 5144 951
13 4766 438
1 -5275 635
15 -8459 847
26 9807 281
1 6734 751
16 -1399 907
1 2213 596
26 4901 186
13 4494 849
29 1715 858
16 -2818 951
4 442 99
19 634 149
13 2882 753
19 -6653 321
5 7297 885
22 -6907 410
9 3740 185
19 4312 351
5 -9220 665
13 4899 545
9 -4735 393
19 1103 573
1 7121 816
11 -1135 266
12 5841 281
13 -672 428
24 6857 184
11 -1522 799
27 7811 721
16 7819 145
1 7533 117
25 6277 747
21 -9336 3
16 2679 358
16 2346 248
21 -3663 707
1 -5273 299
29 -619 437
1 -1019 685
10 -8171 233
1 1106 945
1 2146 58
1 5492 796
1 6488 725
25 7961 387
21 3006 345
25 -2620 609
17 -3996 659
28 4581 349
22 -6749 164
26 4616 369
17 3 403
11 -5042 685
1 9807 28
5 -7966 594
21 -483 709
14 9287 49
7 7149 841
11 -1282 761
25 9154 438
23 1217 470
21 -6621 876
13 71 5
29 -4265 588
15 -5773 521
29 -1434 589
7 6780 499
13 -7327 276
28 -5714 111
1 2862 915
13 -9596 99
1 -4453 751
20 3966 406
26 7811 817
22 3155 9
16 -3614 301
1 1015 497
9 -1765 757
19 -869 729
1 -2315 81
15 4434 817
26 -4703 705
22 8758 487
25 -4756 361
17 -8539 331
7 -7517 725
13 -6280 633
1 -8807 377
7 7785 350
16 1142 3
25 2435 509
23 -7315 441
21 4119 231
7 4529 413
7 2622 1
11 -697 665
13 -8506 170
19 -8900 971
9 -7634 857
23 -130 187
27 -3994 709
19 -9251 135
3 2100 989
21 -1474 89
19 509 315
16 7701 247
3 8516 435
1 -3433 161
7 -8003 437
16 -7614 374
21 -7309 553
1 9527 393
22 -1099 713
5 869 366
1 -6934 897
23 -2413 738
20 -2982 921
19 -9994 905
22 -7845 943
21 758 331
19 -3451 401
19 7325 961
13 2498 623
1 -3337 481
22 7390 713
3 5769 713
6 1949 423
1 -7738 425
13 -8932 129
27 58 935
22 -5869 494
7 653 17
28 3965 808
21 -2338 701
11 5107 727
19 -8428 181
1 -5627 292
7 -9614 47
9 -8662 276
4 -901 721
3 3377 557
9 -4006 423
21 -8849 155
25 8744 171
23 7547 51
24 -638 783
16 -8207 393
1 6644 683
11 5770 121
21 -2806 761
1 -2102 543
6 7630 263
3 8396 424
28 4374 501
1 -6121 497
1 5756 803
11 -367 147
25 5756 115
25 7637 501
21 237 9
19 -2211 681
13 5549 336
7 -9804 331
16 675 713
21 1176 195
10 6936 771
26 -5939 209
29 -7917 2
7 -4368 811
19 -7471 759
11 -6709 565
1 -3355 1
21 9782 537
28 3210 836
17 6298 1
26 -1073 425
27 6203 761
5 9245 145
13 -340 130
20 3710 96
7 973 726
1 9161 151
10 1472 887
19 -7417 241
25 7955 193
7 -3362 241
24 -3280 993
18 2369 123
7 4310 636
13 -4963 725
16 -6997 23
13 3513 933
5 -8566 545
13 -9739 456
15 -9790 321
16 -1135 201
10 -1694 431
17 -3801 766
6 8264 665
19 -8836 611
4 602 845
7 5120 863
3 9494 901
21 -7412 793
15 6035 37
13 -2479 586
29 7474 468
1 4545 725
19 4047 549
25 -1477 249
1 2774 849
20 -4204 277
1 -1102 177
16 -8383 673
21 -4915 953
15 3334 712
25 -3127 465
1 3849 810
19 5060 90
28 299 361
16 -4244 821
8 -6254 172
27 -6307 553
9 -3329 877
25 5978 383
9 -7017 599
7 9130 441
26 -4453 202
11 -1649 49
19 4465 840
11 -8906 801
13 -2311 265
21 -3786 811
21 1827 493
1 9175 273
13 4995 953
27 4745 657
16 -5698 747
1 1958 921
19 6737 635
7 -4858 775
13 -8521 293
11 4592 169
13 -7066 352
19 -6253 591
25 5846 903
9 5648 869
16 290 776
19 -9269 325
25 -3013 51
25 -76 821
7 -9416 565
29 -1310 701
7 698 869
28 -5408 145
7 -8428 599
20 324 310
6 7817 614
9 -8631 515
25 1567 450
19 -6595 702
1 -1168 801
24 7927 541
12 -2344 471
13 -5949 841
1 -7204 161
19 -5082 257
7 -1521 498
19 8147 356
11 -4901 146
3 3498 93
1 -2681 36
15 3443 457
19 2347 265
7 -2237 963
30 -4477 832
1 6871 838
4 -2389 181
19 -1236 605
25 522 256
3 6592 201
13 7064 561
14 -7954 836
7 -8160 693
28 -6674 121
16 -3799 841
1 -9003 465
17 -2894 939
6 -1470 651
7 5730 749
11 -1975 85
7 6557 749
14 833 96
20 9202 866
13 -187 871
13 -6418 158
16 2711 416
1 7871 784
1 2258 991
21 8861 783
3 -6824 75
13 2708 173
17 4949 693
12 -6046 71
30 2226 626
1 3431 277
11 -6901 758
13 -1918 721
28 -2941 277
16 99 745
1 97 569
20 -6632 681
1 -2074 601
16 930 633
13 -6623 697
11 -337 41
16 149 225
7 2672 322
1 -7535 396
25 5103 213
8 -3371 501
29 -7115 927
14 -2409 871
17 -9318 808
5 -4792 301
20 7905 891
11 7268 217
26 -9244 421
21 -2401 441
25 -801 671
1 -4357 931
28 -815 701
21 6851 897
17 6209 757
25 -2206 444
29 -8808 321
19 9281 785
19 -5812 265
1 5966 363
5 4071 463
1 5963 133
21 919 553
14 -3515 321
13 -1522 471
19 79 694
26 -4402 566
29 -7279 65
21 -6802 714
5 2780 389
19 -2693 917
30 -3673 317
4 9841 137
19 -8476 389
3 -5354 930
27 7364 41
22 5001 62
1 -7816 906
13 5906 961
13 -1338 184
26 902 169
13 -4184 341
19 3308 985
9 476 140
27 4871 504
13 9728 179
1 111 969
25 1220 861
26 2733 822
9 -4914 13
7 -9726 661
30 -3061 41
20 -1376 865
23 648 75
4 -7510 43
25 -2023 326
30 8621 89
27 863 385
17 -4270 841
23 -333 135
21 -5369 45
21 -1407 862
23 9953 761
27 2546 710
25 5277 136
1 7566 891
5 -1321 959
12 2393 496
11 691 125
26 3110 605
21 -6025 206
19 6220 519
27 1421 799
9 -6199 483
19 9854 431
25 -6076 851
10 -1888 807
7 -8409 913
19 6686 617
19 -1583 21
9 4148 310
11 8355 917
22 -4576 773
11 6853 55
13 7393 481
11 -6001 333
21 -3523 89
1 7875 15
11 -766 201
11 -9073 52
2 2369 561
20 6149 575
13 9704 26
25 3722 811
1 -8553 711
25 7824 798
22 6733 84
3 -763 127
5 4001 167
13 -9964 516
13 -6849 41
19 6402 126
5 -277 139
17 -9609 465
1 7739 146
1 -6830 773
1 7755 662
7 2943 146
25 -4131 921
28 -7066 556
22 6764 878
3 7122 341
16 2175 149
17 6476 847
1 -6232 515
1 6931 329
7 8903 454
22 -4148 511
8 8807 177
9 -5437 704
7 -4817 861
15 3619 305
26 -3163 42
11 -4684 501
3 6140 803
1 2405 896
7 6971 603
11 -6838 181
7 8654 587
5 -5285 865
9 -4219 729
3 -7210 939
11 -9094 121
10 -8710 142
1 1461 885
23 4071 473
19 3599 833
11 -5527 147
4 -4164 222
1 -1819 530
25 -1576 979
22 2711 186
27 -7093 936
15 -4921 881
25 1361 239
11 3605 9
25 2732 289
7 5803 101
16 5717 925
1 4728 913
7 -9934 589
7 8677 743
3 2458 803
13 9396 221
11 -875 927
1 -8389 789
1 -1456 121
19 3422 911
1 -2760 622
1 -7643 35
5 7220 793
1 -6959 983
19 -244 849
4 3899 831
21 -5979 954
16 -7145 541
21 3069 217
25 1290 219
8 -8386 697
1 1643 921
1 1098 371
9 -5246 666
25 4814 495
29 714 641
19 -2260 911
23 8494 353
25 6533 701
11 -260 951
19 5526 483
26 745 316
16 -2027 953
16 9602 77
7 -9832 261
1 -1996 725
27 -3349 441
1 -7030 661
7 4007 376
7 8773 941
11 2136 921
6 7535 301
1 -7426 113
19 -7704 791
15 2663 351
1 -8240 491
19 -3830 625
7 -5329 993
7 9254 402
17 -3454 832
16 -1740 521
11 1479 426
6 3801 750
13 -9742 514
3 -420 151
21 -1186 777
27 8594 457
16 -3346 487
16 1325 193
13 1676 826
28 -6914 827
7 -9333 780
2 3758 525
9 -2587 436
13 -3146 361
22 4274 597
19 -598 875
16 650 861
11 -1590 905
13 -2362 337
1 5549 441
7 -2954 311
7 8741 231
11 -8839 733
13 3120 945
13 3180 626
13 8189 996
13 -3553 1
15 3562 389
1 -8145 151
24 1065 861
9 3812 97
16 -7273 813
9 6633 187
1 -1947 694
29 -6999 361
15 1438 529
1 4583 523
7 2630 353
16 -4985 201
15 -3842 763
5 3557 777
3 1767 972
1 7894 96
13 -5110 47
19 -5298 735
1 -4042 25
5 3259 729
15 3765 951
4 -9782 769
10 8414 41
15 4979 225
26 -8950 669
9 3639 760
4 2906 133
20 -377 619
13 5507 761
21 -306 807
9 7955 489
1 -5637 504
27 -1212 500
25 3526 574
1 -8267 811
22 333 984
21 7185 821
10 -334 364
2 4886 120
19 -9719 790
22 6471 357
16 1561 121
26 -3295 803
9 8501 317
5 -7778 156
17 7711 855
20 6088 409
7 7361 26
13 7745 251
20 5962 166
25 -5012 591
2 3936 167
16 274 821
10 -1450 751
1 83 991
22 7296 702
13 4083 505
11 7019 535
8 5483 944
28 5823 3
9 -2078 643
7 -7966 833
2 7860 761
