1000 10000
8543 -6583 1
-3776 1833 1
3527 8825 1
7336 3274 1
2450 9212 1
9495 -3165 1
-2254 -5568 1
-9775 1449 1
9328 -8890 1
-2866 7927 1
7346 5603 1
-8346 -2761 1
5747 -9960 1
-8155 -6320 1
-3154 -6762 1
-2335 -1149 1
-6136 3244 1
-4264 -2643 1
-460 3890 1
911 -502 1
-3129 1977 1
1080 -6326 1
3667 3275 1
-61 -4630 1
3870 -7923 1
-1414 -6730 1
-3605 9900 1
-2306 -3520 1
4784 1712 1
1969 9895 1
-4757 -8767 1
-8458 848 1
-9356 1036 1
-459 -839 1
1191 9956 1
587 -1825 1
-4806 7014 1
-2394 -6169 1
-1049 -8617 1
638 -2025 1
-755 -7711 1
-9244 1169 1
2489 -284 1
-4594 713 1
5753 -9301 1
3748 2225 1
-3800 293 1
-8713 -9574 1
-3124 6653 1
-5770 -7456 1
4905 -5701 1
-2890 6917 1
-694 822 1
8846 -2104 1
-2863 -6427 1
-176 6472 1
5154 -7726 1
2473 -3862 1
-8217 -5390 1
6562 -3261 1
7699 2391 1
5715 7069 1
-4942 -6519 1
339 6749 1
9587 -3731 1
-6937 127 1
-9781 1046 1
-6785 -6009 1
-1911 3364 1
-1193 -946 1
-7972 7862 1
-1558 -4699 1
-8584 -4141 1
5275 1374 1
4289 -7204 1
-3266 -277 1
-9835 7733 1
-9889 -9568 1
3898 8360 1
1367 4659 1
6045 -1642 1
5583 3139 1
-3382 3890 1
8744 3773 1
127 5973 1
-3590 -4167 1
-4159 4009 1
-7081 1862 1
1931 -103 1
-2983 1663 1
231 -5867 1
-254 9625 1
-12 4341 1
6870 -7225 1
-5356 -6442 1
5501 -8530 1
-8119 7025 1
8162 6437 1
-3142 266 1
2462 -6972 1
296 -2077 1
-2669 4713 1
5176 4442 1
6296 6245 1
-9251 5276 1
-3592 -6645 1
4176 -6582 1
-9311 -5230 1
-3429 -1579 1
-9393 -1708 1
-5363 -4128 1
7904 9432 1
9149 -7734 1
-4902 -9226 1
2363 -2470 1
-9490 8351 1
4012 -475 1
-8599 -2629 1
9735 8538 1
-7765 -3061 1
5825 -3434 1
8009 -9754 1
744 9454 1
2892 7466 1
8449 -1066 1
1202 -3176 1
-940 -2773 1
-8761 7960 1
7697 -8371 1
9417 1770 1
-2565 4915 1
-8629 -2233 1
4129 8963 1
9318 -6298 1
-1198 -8822 1
4208 -8743 1
4217 1592 1
-6673 -2205 1
-1502 3279 1
-9226 -1212 1
-2090 -1924 1
-8869 5186 1
-2150 -9238 1
-7185 9902 1
-9312 9856 1
9588 1424 1
-2489 302 1
-5091 -9016 1
9128 8909 1
-6223 -8296 1
-2955 -6061 1
9716 -5389 1
2578 5831 1
-2923 1516 1
-4090 9509 1
3431 3617 1
6287 2436 1
6275 -37 1
-8513 9569 1
-4242 2120 1
-6919 -9946 1
3939 -8003 1
6528 -6422 1
-5905 -447 1
971 2494 1
-6549 -4898 1
-9649 4479 1
-4926 7100 1
-5728 2451 1
-7519 -4162 1
-9376 -711 1
4295 9800 1
7353 3200 1
-3111 -9259 1
6764 7615 1
-4243 -4409 1
-7894 4120 1
8024 8707 1
-1267 7750 1
3161 3432 1
6807 4136 1
-8029 -2811 1
-2779 2236 1
4496 7982 1
3698 -6256 1
8855 4330 1
-4034 -8747 1
3119 9119 1
-8395 -2347 1
4474 -5964 1
-1861 -6364 1
-4041 -9228 1
223 -9610 1
7856 2081 1
1386 2291 1
6218 -9001 1
2679 -3383 1
7480 1371 1
-9870 5468 1
1937 8706 1
9641 -1395 1
776 2145 1
1582 -9640 1
5410 1000 1
-9361 -6682 1
1313 9286 1
3050 1547 1
7966 -3717 1
5913 7625 1
-7429 3224 1
-237 7342 1
141 -7694 1
-5481 4738 1
-601 4105 1
-5964 -1408 1
-9871 2282 1
-9226 -3248 1
1945 -3831 1
3339 5003 1
-2182 8859 1
-8923 8729 1
9411 -5797 1
-8271 8402 1
3040 2154 1
-6217 4303 1
-7040 3324 1
-4102 5820 1
-469 -7708 1
5164 -8038 1
2664 -3133 1
9065 -5930 1
5164 -8793 1
6632 5269 1
4182 -3662 1
-3829 1517 1
5695 1010 1
2810 7408 1
-1319 2933 1
-9105 -9547 1
8638 4000 1
-2869 4117 1
-4900 6711 1
4643 -4333 1
3815 7865 1
-4188 -3530 1
-4764 -118 1
-6503 -6922 1
-839 6314 1
8597 993 1
-3029 -6485 1
8583 -2431 1
6573 -7249 1
2491 7258 1
4245 7665 1
1676 9625 1
7535 -1361 1
9137 -1610 1
-3882 -2592 1
6299 1967 1
5753 4396 1
7869 3222 1
9888 -6883 1
-4690 5771 1
4478 4663 1
6966 3032 1
-1186 -6174 1
3898 -4016 1
773 -7175 1
309 3427 1
-7690 8864 1
-5161 -3735 1
9671 -9547 1
-2110 -2752 1
-7207 -7400 1
3537 6223 1
-1177 -9439 1
-2204 4094 1
521 -270 1
5699 -9307 1
-4861 3278 1
965 5603 1
-996 3404 1
5614 -9504 1
7123 -5491 1
-2975 5075 1
-7398 1866 1
-4014 323 1
3773 -8350 1
-2771 -1926 1
-7126 -2764 1
-9666 -2371 1
-2174 -5391 1
-997 -3535 1
9403 -4778 1
6146 -9743 1
4793 -2054 1
3938 9002 1
-2033 1418 1
-9275 7361 1
-8402 9121 1
-9856 -3913 1
1163 -4711 1
-2019 2489 1
-3235 -4159 1
-7390 8627 1
-7834 -4981 1
9782 -9952 1
3183 -5333 1
7324 1832 1
8924 -5230 1
1694 5045 1
9512 6020 1
-6576 -207 1
-1066 5768 1
7446 -9946 1
7325 -1745 1
3157 -7372 1
1662 -84 1
5360 -4216 1
964 -9175 1
2984 -8488 1
-453 -3097 1
-8251 3947 1
-3760 -1492 1
7566 -8173 1
-1107 3314 1
-4021 1020 1
-4759 -3973 1
-6376 -5896 1
5773 5045 1
5270 1476 1
-4876 -4257 1
6653 -6754 1
5189 9353 1
-9857 -4839 1
7217 -9816 1
1217 -7918 1
-3545 6183 1
6473 9116 1
-4003 -9744 1
5698 4289 1
8700 6963 1
3112 9432 1
7950 8349 1
2476 -9489 1
470 -6985 1
-9565 653 1
7685 6254 1
-6495 8499 1
-5304 5636 1
3153 560 1
-2470 9044 1
7193 -6310 1
-7477 -1885 1
490 -1846 1
7015 -6814 1
-7924 1403 1
-9475 8719 1
-3453 4148 1
6434 896 1
-2900 -4600 1
-5020 -9800 1
461 9611 1
-6725 -511 1
-4760 4204 1
-4848 5408 1
1766 6590 1
3017 -5341 1
5097 -3512 1
-3625 7980 1
-777 2213 1
-5763 5628 1
2345 -5814 1
4000 -6523 1
1802 -8374 1
-2899 2333 1
-4807 -5494 1
-8790 -4066 1
6700 -204 1
9102 7515 1
-7440 3837 1
-7036 2770 1
-8714 -9294 1
6212 -9024 1
-4303 -4915 1
2204 6104 1
2446 6011 1
7906 -2998 1
-5384 -5623 1
-8854 1467 1
-766 7020 1
-4054 5957 1
-7076 -6392 1
-387 3064 1
-198 -9559 1
1892 9824 1
8888 8069 1
6992 7043 1
-3424 -9375 1
-5142 -7534 1
-842 6240 1
-6625 -4915 1
7619 3444 1
4802 5216 1
-4522 4107 1
-1984 6804 1
1004 -6998 1
8012 -8174 1
-5089 -6287 1
-302 1613 1
-2405 -3678 1
9116 -1083 1
5045 -2249 1
1193 -8488 1
6017 -2336 1
3393 5154 1
5564 1172 1
7747 -8947 1
1827 -5195 1
-8976 4073 1
-5694 1938 1
3145 2969 1
-2515 3245 1
5315 7508 1
6506 -2194 1
-409 2906 1
-7771 3407 1
7872 -7081 1
-3974 7448 1
-2425 -127 1
6668 8969 1
-4534 2024 1
2698 -9994 1
7682 9965 1
8169 4091 1
-8458 -2236 1
-6999 -8308 1
4520 5607 1
-7545 2983 1
9424 -2520 1
1469 -7870 1
3066 2522 1
-4371 -6109 1
7838 -8137 1
-7172 7758 1
-2632 1203 1
-2719 -5121 1
8924 3862 1
-8435 2297 1
-4914 -212 1
-7383 -4600 1
-1216 4034 1
578 -7096 1
4064 8135 1
3316 -4009 1
6311 -3066 1
5695 -6268 1
828 -2726 1
6262 -3784 1
3986 314 1
-2470 9092 1
-6962 -4287 1
2957 9366 1
5454 -719 1
6926 -3863 1
2216 -3432 1
-9313 -2910 1
6459 -1018 1
2624 -559 1
1726 -4784 1
-6383 6305 1
7931 -6055 1
144 9389 1
297 -5316 1
-6162 -3197 1
3531 -5131 1
-9405 1828 1
-7208 -4180 1
9393 7151 1
-2644 -7312 1
6479 6138 1
4508 9155 1
9809 7445 1
8797 4586 1
-669 -994 1
3760 -8008 1
9706 5077 1
-7726 1546 1
2584 8238 1
-2821 -7459 1
-9964 9383 1
3979 2527 1
-7825 -1857 1
6050 -1350 1
504 6167 1
-5066 7722 1
1487 -5207 1
-9274 1698 1
-2758 -5516 1
-3953 445 1
-4471 -9004 1
5753 5175 1
-4672 3563 1
-8683 5943 1
6191 -7621 1
-5358 86 1
9725 5600 1
-2854 109 1
6788 -1312 1
-3517 -1103 1
-3238 -3637 1
-6262 1436 1
-7199 -7253 1
2068 3680 1
-7254 -5772 1
4754 164 1
3627 -804 1
8269 3629 1
-6464 1448 1
2456 3099 1
7616 -7439 1
884 8060 1
1447 1169 1
2265 7799 1
2897 2804 1
-8596 -6688 1
492 -9443 1
7523 5611 1
2954 -5126 1
-263 9653 1
4387 -9883 1
-8935 -2779 1
4730 9896 1
-58 8463 1
-4474 -6143 1
8327 1613 1
-8273 -2425 1
-5341 7854 1
700 -9484 1
8261 -421 1
5540 -94 1
-3837 -6433 1
-3476 -8417 1
2000 -1772 1
-4732 -6928 1
-2410 -7969 1
-6755 2087 1
5197 -4671 1
8479 382 1
-3314 9118 1
6589 -2930 1
-5024 -3043 1
-7062 -7714 1
-3109 -6636 1
-4228 -9301 1
9883 3179 1
5685 2660 1
-667 9230 1
-4360 -1000 1
-7647 -9333 1
-7135 5387 1
-2686 -1125 1
-3389 8567 1
-3100 -6607 1
4802 3989 1
9761 -3457 1
-1213 5704 1
9735 -6116 1
5396 -4933 1
-2776 -3895 1
-7738 -3931 1
-6556 -894 1
6119 6099 1
-2176 -6126 1
6738 9341 1
9709 -8920 1
4580 -6869 1
-6323 -2801 1
-7123 -9704 1
-682 -400 1
-1747 -6603 1
6118 -5930 1
-2901 1207 1
-9555 -8961 1
-6316 -4325 1
-4361 -2246 1
5183 -1942 1
8081 -9706 1
-5249 -4331 1
-8059 3327 1
9254 6903 1
4259 9588 1
-1008 4311 1
2223 -5402 1
-7660 2226 1
-7178 -2119 1
-4108 -6319 1
930 -7855 1
5486 -4724 1
1583 4034 1
3551 -2606 1
2840 2540 1
4196 -2044 1
-1075 -9826 1
-1963 -217 1
-3508 1087 1
-1097 -3541 1
2522 713 1
8516 1244 1
-1265 6561 1
4171 -2272 1
6084 5919 1
-3520 6230 1
-3607 524 1
-7585 -919 1
-3258 3695 1
1646 -523 1
1499 -6882 1
3143 8000 1
-8221 5134 1
-3370 -4561 1
1206 -2425 1
-5215 1894 1
8266 3229 1
3005 -2041 1
-7162 -6531 1
856 -616 1
6449 -6142 1
-3098 7241 1
326 4650 1
-5683 -6061 1
-8168 850 1
3629 6863 1
1481 -1420 1
5556 -6196 1
8345 6750 1
-6460 7018 1
-8506 -9448 1
184 114 1
-5337 8352 1
9302 -6388 1
468 3443 1
-8352 4089 1
2365 7291 1
-100 2414 1
-5236 -1583 1
-1591 -92 1
206 5972 1
-2560 -1620 1
-8344 9532 1
7448 8230 1
-7843 -1003 1
1276 6863 1
3938 -4438 1
9120 7778 1
1718 209 1
1929 6547 1
1603 -6109 1
2679 -1336 1
363 7610 1
8121 -3753 1
-388 -3347 1
-6199 -7591 1
8669 -277 1
-8030 4554 1
-2668 2963 1
-4246 -4676 1
-4765 -1845 1
7052 -5701 1
6743 -7498 1
-2235 -5737 1
6485 7235 1
-1291 3985 1
-1719 254 1
-7198 -8330 1
4632 -5706 1
-586 -9000 1
587 -8822 1
-1012 6524 1
-2599 -8195 1
2839 -9919 1
-3421 6122 1
842 -4112 1
9766 3935 1
9937 7304 1
-4160 -7951 1
-7550 4685 1
9481 4301 1
3696 6874 1
-3223 -1507 1
-6439 -8953 1
-134 2209 1
1822 -8584 1
-2350 -260 1
2117 7484 1
3037 7673 1
2990 -7871 1
5080 1408 1
-9566 -9282 1
-5065 -9691 1
-2133 4441 1
-6652 -5398 1
7969 6553 1
-9979 6644 1
3809 -6879 1
8717 -8914 1
-4786 8131 1
-9430 9168 1
-3333 -4849 1
-949 -2863 1
-3270 -4692 1
4916 9887 1
-2254 7233 1
-4132 9960 1
252 -6745 1
1582 -1782 1
-884 9748 1
-5815 4439 1
-7806 4274 1
6899 4964 1
-2483 -9736 1
4715 -3274 1
-8491 -8281 1
1770 -8419 1
2858 2573 1
8671 -9520 1
424 6626 1
4001 -9913 1
-3563 6115 1
2922 1068 1
-7240 4107 1
-5308 -3928 1
-5177 -914 1
5299 -3739 1
-8794 -5083 1
5525 7414 1
1127 -5395 1
-1934 9842 1
8980 6611 1
6029 2665 1
-580 -8281 1
6335 -946 1
-9808 7422 1
-7322 8696 1
-9702 -1915 1
390 668 1
1678 -7936 1
1634 -8050 1
4014 -5860 1
-8806 -8755 1
2288 -421 1
3972 5296 1
-7204 -2371 1
-1270 -6319 1
3508 5858 1
-8820 7325 1
2516 -8159 1
-8510 -7423 1
4684 6637 1
1564 1011 1
-9705 416 1
-3810 1398 1
-1597 8037 1
-8141 -7789 1
-8714 -4067 1
-6345 5775 1
2024 -9048 1
6846 -4248 1
3338 1388 1
5765 -5930 1
-9495 -9558 1
3320 -309 1
-157 8157 1
-7437 -9970 1
3902 9021 1
881 2075 1
-8702 4013 1
-1381 -9111 1
-5629 -5200 1
-4999 6297 1
-9157 5774 1
-3693 1091 1
4390 -8952 1
3872 -9547 1
-741 -2710 1
-3518 222 1
-8715 -7552 1
8790 -5875 1
1593 119 1
-3197 5604 1
7400 -9421 1
846 -6283 1
-3069 4865 1
-7405 -8272 1
-5154 4807 1
-9887 -7168 1
3933 6179 1
-9597 -5593 1
-8637 -292 1
6737 1869 1
-3613 -2952 1
-6568 2624 1
-9829 -9949 1
-6313 2501 1
7365 -4767 1
47 -7293 1
3529 -6098 1
-6394 -1451 1
-7836 8340 1
-2265 -9859 1
1936 2700 1
-4975 -1387 1
-6108 4268 1
-733 -2635 1
4298 -3290 1
-5508 -3088 1
-1068 6659 1
7091 6089 1
-9115 -4933 1
-5694 -4837 1
-4809 -4990 1
4565 600 1
7787 -568 1
-7000 -340 1
-9103 -9028 1
-4962 3872 1
-6382 9139 1
7412 3428 1
2195 9584 1
9892 4067 1
3173 -8312 1
-7288 -9705 1
-1819 1472 1
-4897 -7989 1
7970 9539 1
9620 1862 1
-4999 3085 1
-622 -4537 1
-1348 -7435 1
-4890 -1586 1
5204 4662 1
1054 -1349 1
7941 -4064 1
-2560 9824 1
1555 8101 1
-4933 -7451 1
-5677 -3296 1
5768 -6146 1
-3793 -8328 1
6074 -2848 1
2343 9299 1
-6325 -8224 1
-8716 -9533 1
9274 -9378 1
-4654 8942 1
-2645 -6352 1
-6703 -4917 1
2208 6760 1
9950 -8305 1
1790 -3106 1
-7597 8216 1
1554 -1133 1
7528 -6859 1
-4439 -6122 1
5839 -3777 1
-3040 4608 1
-8373 8720 1
5264 5762 1
8168 6801 1
9411 -7513 1
3854 1460 1
-9585 6708 1
6053 -5131 1
-2294 -5782 1
7169 -6580 1
2481 -1091 1
-5517 -3262 1
-2829 235 1
-3559 -3668 1
3200 -2636 1
4222 -607 1
6506 -884 1
-2084 7251 1
5132 -1687 1
9381 -6000 1
-9634 8971 1
3645 -1887 1
6046 8392 1
-9694 -6616 1
6501 5711 1
6659 4577 1
-2581 -3719 1
-9147 -6836 1
3416 -4504 1
8185 -9781 1
-903 -4537 1
647 6873 1
-9408 -6796 1
-1122 9122 1
-8079 5622 1
-1086 -1583 1
-4427 4952 1
4607 7563 1
2813 3551 1
-523 7352 1
2930 3893 1
-9517 391 1
-9200 8013 1
746 9142 1
7103 -2362 1
-994 -6068 1
6109 2354 1
1618 5216 1
9605 7393 1
-216 -2236 1
-9249 3556 1
1505 5393 1
-3862 4628 1
-7498 -2301 1
-7100 -8440 1
-9862 834 1
-5806 -4151 1
7516 3236 1
3839 -3000 1
3049 9549 1
7484 5521 1
1961 -3918 1
6662 -8590 1
2681 2594 1
-279 -1151 1
1441 -427 1
3209 -1492 1
2673 -7747 1
331 5930 1
-5443 89 1
-6597 4471 1
2313 5258 1
5543 -2800 1
649 6725 1
1187 959 1
-7806 6434 1
3360 -7942 1
-8452 -8258 1
-3316 -5659 1
-7804 9209 1
8750 -5296 1
7491 1373 1
9662 -1858 1
1679 -6496 1
-2793 1093 1
-2614 1271 1
9545 -697 1
4679 -8764 1
-3837 5354 1
-9316 -7129 1
-3559 -1681 1
-3599 -7975 1
-5622 7473 1
4917 -6899 1
-8314 9347 1
-3775 5801 1
1976 2212 1
1178 8414 1
-100 5078 1
-1048 9339 1
3782 -5791 1
-2232 8621 1
6713 -1582 1
-5680 1205 1
6463 -1045 1
-8068 9284 1
5870 -2767 1
158 -5532 1
-4915 4577 1
-1210 -1777 1
7253 -1699 1
-9448 2236 1
1142 -3911 1
-5554 -1631 1
-5253 1212 1
-3379 -9382 1
-1262 9926 1
-5835 -4723 1
4171 3332 1
323 6567 1
-9535 -2183 1
7376 -8347 1
2906 5789 1
-7672 -4743 1
-789 -4304 1
5515 6960 1
-1405 709 1
-6924 -1630 1
1475 -4808 1
2243 -7001 1
-1982 -8877 1
-3926 -484 1
9281 8774 1
-6991 -7945 1
8330 6047 1
