1000 10000
3107 4385 1
9604 5415 1
5852 1334 1
8291 3083 1
-5869 -3821 1
-3310 2476 1
1238 8109 1
-3292 -4160 1
-9430 7398 1
8691 7106 1
4451 -681 1
9598 1360 1
-5932 4999 1
6706 3781 1
-5786 8559 1
6816 -1121 1
-2080 9244 1
-2656 7251 1
4429 -6736 1
-1742 -9742 1
-9079 -5733 1
-367 4436 1
-8620 -4503 1
7790 -2353 1
9798 4590 1
-2173 8416 1
6449 4322 1
3551 -7304 1
-2388 5952 1
-7360 -1170 1
-5231 -556 1
4800 -6890 1
995 -8064 1
9429 -3766 1
1210 -9597 1
-2791 -9462 1
1752 832 1
1445 -3860 1
5618 -9486 1
5247 2474 1
-6148 4160 1
6293 -5385 1
7967 -6220 1
-3163 -7041 1
3972 -5373 1
6454 -1024 1
-1363 7951 1
-6655 507 1
-4463 -2243 1
-8856 -5953 1
-9466 4916 1
-3837 5666 1
-7732 224 1
1948 -3574 1
-5881 9311 1
1626 -7366 1
-3367 -2557 1
3960 5183 1
-7558 -8637 1
2012 8268 1
-6446 3059 1
-6417 4075 1
8819 -7824 1
-9961 7596 1
3725 494 1
-238 -1534 1
-6118 -190 1
6125 6473 1
-2662 -2620 1
2915 3700 1
7489 2584 1
5771 2873 1
5308 -7106 1
4070 6598 1
7628 8436 1
143 8156 1
-5468 4315 1
-1447 988 1
4436 5755 1
-9526 -1445 1
-7447 -3328 1
959 1461 1
8477 -3426 1
2364 2252 1
5820 -696 1
1770 1970 1
4479 -1489 1
3437 6079 1
3128 6149 1
-6724 6050 1
-4685 1616 1
-6360 6176 1
2651 9436 1
8728 6158 1
-6787 8479 1
3686 3590 1
-2294 -6626 1
3490 -7645 1
1688 9549 1
1424 6230 1
1613 -8203 1
-2141 5002 1
-8701 1390 1
1074 2712 1
-5950 4935 1
4861 -684 1
2896 -3195 1
-3172 -5740 1
4292 -6337 1
3905 3202 1
-1324 5027 1
-5239 -9721 1
592 8960 1
-5653 9115 1
2278 1857 1
6995 -10000 1
-9737 9264 1
3629 352 1
-510 -7442 1
-6772 9292 1
-5922 4915 1
4169 -3053 1
-6843 -4239 1
2546 634 1
4093 1210 1
-817 -2954 1
8833 -4924 1
7789 4561 1
-3721 -4825 1
5236 6987 1
6599 -9859 1
9600 1868 1
-2692 -8728 1
8765 1878 1
2562 3663 1
-7930 -6751 1
-2404 4070 1
794 2705 1
-4519 -4675 1
1139 -2124 1
6148 4615 1
429 -4495 1
1015 -2229 1
-8176 -1393 1
-4904 3751 1
8665 5708 1
8454 3744 1
-2153 -8671 1
-9190 -7113 1
-8344 6620 1
-5893 5405 1
-7291 -6014 1
3323 -4568 1
3374 2437 1
5625 4157 1
-8865 -7794 1
7370 -8526 1
-2281 715 1
3201 5408 1
-1083 -592 1
54 8837 1
-6269 -1856 1
-1322 3563 1
-7318 7343 1
1563 -55 1
-6125 7386 1
-7169 -403 1
-1339 9239 1
563 -3037 1
7052 719 1
-6112 1929 1
-4698 3479 1
2004 363 1
-1528 862 1
-511 3485 1
4947 -5470 1
-7870 -4508 1
-3760 -7914 1
-5951 -9989 1
-5785 -5121 1
1421 6644 1
2246 2768 1
968 -88 1
3825 -6781 1
-9255 -6028 1
9527 8995 1
-3637 -262 1
-1165 -1699 1
-88 2683 1
1875 -7597 1
-3205 -7725 1
1796 6119 1
1476 -8207 1
-3663 -3696 1
3335 -7561 1
2589 8531 1
4280 -169 1
-7790 455 1
-4100 -7230 1
745 5906 1
-3637 1395 1
-4736 9209 1
-5293 -546 1
4256 -7981 1
-376 5528 1
2217 -8533 1
4149 -8521 1
1132 -9533 1
6197 707 1
9992 -5943 1
9572 2954 1
-9933 263 1
-1412 -8959 1
4724 8921 1
9548 -484 1
-1916 7811 1
-8050 4408 1
-2274 -3954 1
9099 -9572 1
-31 6452 1
-9013 -5968 1
1817 4361 1
-9774 9633 1
9167 -8697 1
5933 2893 1
6990 9701 1
7558 -2971 1
-9594 4814 1
5116 6920 1
8184 7091 1
4331 7541 1
-5491 -6940 1
6236 -5080 1
-2398 -5212 1
9401 7901 1
4762 -5782 1
9108 -4270 1
3482 5168 1
1535 -5163 1
4132 -1717 1
-3270 6612 1
-4528 -4273 1
8908 -4783 1
8539 8708 1
137 -3370 1
-4027 -6234 1
9478 7252 1
-4423 8942 1
7319 1046 1
7790 -56 1
-3108 -4600 1
-4507 -1958 1
-4920 -833 1
170 -1243 1
-5200 -1480 1
1674 8087 1
8156 9036 1
-4207 2711 1
-4402 -9559 1
-521 142 1
3878 -619 1
-5524 4179 1
1955 8186 1
7553 4824 1
-649 -4766 1
-7222 5686 1
-5227 2482 1
8642 4138 1
-5112 8531 1
-9091 8744 1
-115 4134 1
-1654 738 1
8936 -9318 1
-7283 -4350 1
-2006 -3282 1
5945 -8983 1
5256 1889 1
3574 -5398 1
-6715 6670 1
-6670 3809 1
4300 1771 1
-2146 6431 1
8851 -4501 1
-2550 3688 1
30 6125 1
-7597 -3532 1
6750 -7205 1
4050 -3398 1
451 8570 1
-1198 -9471 1
-1066 7184 1
-9828 -1005 1
5935 -3026 1
-6251 4153 1
-6121 -1531 1
-9404 -1911 1
6257 9615 1
-1772 3201 1
9757 -3399 1
9620 -5483 1
-5277 2738 1
3824 -1748 1
-4012 5354 1
965 -3400 1
3614 -4162 1
-4601 -2752 1
4305 4610 1
7696 3878 1
-520 -1310 1
8206 -1804 1
9848 5768 1
5651 -9602 1
817 -6283 1
-5380 -1512 1
7991 -4462 1
-9005 7146 1
-4984 -2911 1
-2041 6727 1
-598 -7000 1
3925 -5169 1
7433 -6940 1
-7214 -58 1
-9771 1201 1
-5516 -9246 1
-2410 7599 1
7649 6629 1
3661 -4704 1
8843 3933 1
9978 -4390 1
-9658 8681 1
-3745 6714 1
-1761 2177 1
1133 -6725 1
-976 -1722 1
-8776 -3546 1
-4567 -7675 1
9182 683 1
-1246 -2813 1
6665 7148 1
-3760 7826 1
-3044 506 1
8023 -9456 1
1541 8853 1
9369 -6442 1
-4507 -4570 1
-3502 1418 1
-4399 -9733 1
3800 -7555 1
454 -760 1
-4435 -3929 1
-4699 3029 1
-2802 -7351 1
-8070 -5725 1
7895 -4600 1
785 5352 1
2634 -818 1
-9612 3361 1
-4594 -463 1
-5209 1178 1
131 5054 1
-3482 5762 1
-550 -1386 1
-9269 -5717 1
5213 -3798 1
-8428 6210 1
-4396 5489 1
656 9578 1
-595 2058 1
-3806 3866 1
446 -4000 1
-7723 3433 1
-8943 5231 1
-1 -9174 1
-5577 -5390 1
-9808 320 1
5434 2425 1
3674 9014 1
-7876 8030 1
-3205 -8647 1
-8206 -7158 1
8681 -3739 1
-994 -3318 1
398 -5374 1
-4623 -3439 1
-5500 5536 1
1760 2157 1
-4836 -901 1
-266 -5351 1
-2920 -4320 1
4532 -2519 1
9583 -9217 1
-8125 -8208 1
8654 2320 1
3281 -4906 1
4376 -7423 1
-9690 -2680 1
4493 4006 1
8866 -9399 1
3904 9560 1
3785 4789 1
-4381 -5281 1
1235 2395 1
-8516 9407 1
-8030 -6757 1
3714 -2241 1
7817 -9970 1
9361 -7817 1
8457 6740 1
152 -4153 1
-2947 -3340 1
88 -1636 1
3146 4490 1
5749 5646 1
-5711 -4547 1
8209 4284 1
4064 -7697 1
1304 389 1
-7576 7552 1
329 -5673 1
785 -2979 1
3723 1673 1
-3985 7295 1
8741 8705 1
5207 9133 1
8825 -4753 1
4538 -8216 1
2396 7825 1
8036 -2540 1
9872 3660 1
-846 7615 1
8868 -2074 1
-8706 -886 1
-2980 -6776 1
-973 2390 1
-4723 9425 1
8738 6017 1
3197 5987 1
9359 -3019 1
9097 8351 1
8836 -8653 1
1255 -5015 1
7262 1325 1
1839 -5803 1
4950 -1229 1
-7546 -6401 1
974 977 1
4957 -4954 1
-8892 -4513 1
-3746 -775 1
9180 -1531 1
-9608 -8584 1
-3838 -4822 1
3270 3347 1
8173 2633 1
-1483 -9367 1
-7135 -9568 1
-745 9171 1
-1531 3011 1
-286 9185 1
5222 6614 1
9662 -3082 1
5620 2867 1
-2572 3905 1
-9580 5009 1
-5930 7382 1
6782 -2086 1
1632 329 1
-9370 9063 1
4001 -3695 1
800 7994 1
-4014 -7768 1
-3899 7556 1
9035 -8938 1
7238 -5375 1
9787 7682 1
-2863 -5497 1
-3482 -3400 1
6437 -6381 1
8920 2528 1
267 -7399 1
-4297 -1828 1
-1425 -7268 1
1247 -6639 1
5300 -2434 1
7898 1289 1
-5394 767 1
-3703 -2102 1
-2389 6974 1
-7828 5035 1
-4807 -1844 1
-1432 -4825 1
1787 1714 1
8090 9027 1
-4594 6346 1
-5316 1644 1
-6091 -8359 1
-9523 -9908 1
-5595 -1602 1
-4882 -7936 1
3731 -7918 1
-388 -5723 1
7839 -1219 1
-3193 1239 1
-8516 9593 1
6018 8153 1
8441 -4392 1
9114 -5271 1
-4262 -9944 1
-1460 6896 1
4057 3014 1
-253 -9845 1
-4473 -92 1
5415 1313 1
-3541 -7221 1
2517 -6955 1
1469 -559 1
-4843 3968 1
240 -1904 1
-4357 2040 1
-2473 9122 1
269 5156 1
-2394 -2230 1
-6913 3364 1
-2021 -8392 1
-5880 3055 1
-2375 -7729 1
-13 -4668 1
-4156 -4834 1
-2493 -2081 1
6729 -9048 1
-763 -970 1
2746 755 1
-1868 338 1
9454 1400 1
6689 6587 1
-2640 -6592 1
-4948 -4504 1
2836 1439 1
2858 1070 1
-8887 -616 1
-4993 3419 1
-4658 -8734 1
-82 8826 1
4682 3845 1
1571 289 1
735 9221 1
-9334 7870 1
-9599 -4606 1
-975 -1684 1
4073 -3185 1
-6292 8624 1
-5227 9683 1
-6309 -2335 1
1052 3478 1
1060 -8850 1
-9931 -5719 1
4591 -4615 1
9017 3434 1
-950 -5910 1
7475 6238 1
6800 -595 1
4760 -799 1
7447 -6994 1
-8038 -8726 1
-4365 9907 1
-5184 3053 1
-8278 -7404 1
-2575 3629 1
5107 -6020 1
-1660 -6205 1
-128 7679 1
-1973 -7274 1
9463 8608 1
6039 7627 1
6718 7438 1
9670 -3649 1
3399 5741 1
-3220 3686 1
7529 7659 1
7077 3673 1
-1675 4868 1
9750 -9030 1
-3693 -1606 1
1661 4530 1
6213 3770 1
-447 3994 1
9362 8904 1
7562 -6629 1
1303 3707 1
8305 -8437 1
-631 5047 1
7426 2519 1
9478 6369 1
-603 9856 1
-4120 7874 1
6164 -7815 1
1959 2508 1
-8959 -6033 1
5859 -311 1
2304 3998 1
7515 8711 1
-8455 -58 1
-5395 -6007 1
6350 -1165 1
-8647 -1622 1
-1147 4145 1
-3140 -1837 1
-7849 -1417 1
-2203 1428 1
7816 9125 1
9614 -2094 1
-9598 8207 1
9181 -9979 1
-7288 5765 1
9456 -8658 1
-4071 2788 1
6611 2101 1
-572 -184 1
1317 2087 1
-7558 9292 1
7817 -4753 1
6484 2131 1
-6812 6629 1
-4246 -8713 1
-2896 3824 1
9917 8099 1
2611 -4360 1
-9976 -7744 1
-7849 -2152 1
-8777 9084 1
6503 -4536 1
-3490 1822 1
-9511 3736 1
9128 4286 1
-3700 -9492 1
2651 -6703 1
7568 3698 1
-9490 9983 1
-9292 -4561 1
1952 1689 1
-381 7628 1
6278 -7966 1
2819 -2980 1
-3898 -5811 1
-3286 -5569 1
9740 6089 1
5430 -7870 1
-3196 4185 1
-9448 6459 1
3110 -2092 1
-3832 5317 1
-742 4267 1
-2803 6620 1
-9388 -3028 1
-243 -9717 1
7859 122 1
-350 8113 1
-1495 -8898 1
3144 114 1
8156 8828 1
6401 9185 1
-8104 -1741 1
4337 4492 1
-9595 -9108 1
7904 -8155 1
-307 1649 1
4050 1569 1
642 -9076 1
875 -6461 1
-2906 6893 1
-3503 9686 1
8066 -4669 1
-7018 -1765 1
-9591 5544 1
-470 -3343 1
7948 4895 1
3198 408 1
2477 -1168 1
5619 7820 1
1061 -5446 1
-2677 6251 1
3394 6680 1
4265 -4537 1
-8793 -7852 1
-7880 1281 1
5253 9999 1
-3133 -1537 1
467 9704 1
6282 -66 1
-7297 1856 1
6872 -9325 1
931 9593 1
-4555 -5916 1
5289 -1138 1
-1124 -7665 1
5265 -2287 1
-4572 185 1
3664 3287 1
4268 -2793 1
-5979 -1120 1
-2740 1045 1
-204 6363 1
9467 -660 1
8934 4664 1
-4253 -2500 1
-9875 6765 1
9443 -1378 1
3117 219 1
9302 8849 1
-4492 -7686 1
-7809 9844 1
-3730 3759 1
9560 -5545 1
2036 494 1
11 6443 1
7367 -1648 1
-5797 229 1
4389 -610 1
227 2081 1
6604 9516 1
5990 -1858 1
6783 2231 1
3786 1868 1
-4536 2506 1
-104 -8061 1
9804 8244 1
7996 -9592 1
-2729 5161 1
-9469 -2564 1
-2773 4747 1
8597 6815 1
5330 -4492 1
-8655 4049 1
-6083 8813 1
8691 -3474 1
-6328 -7460 1
-7289 -8806 1
-1312 3061 1
-4678 2390 1
-5065 8971 1
-6271 -9314 1
856 -769 1
-1073 1346 1
-2763 5723 1
3445 -1388 1
2672 -6045 1
337 -9114 1
-7944 7579 1
-2229 3771 1
9824 -4355 1
7751 8532 1
5381 -7458 1
-8053 -1762 1
-9882 4895 1
-1549 7570 1
-2407 -8732 1
-4218 -5779 1
-2041 7211 1
-4887 -3929 1
830 2978 1
-8218 -8062 1
-5446 -4639 1
-9083 3818 1
-6856 -2092 1
-6045 3845 1
-1488 3392 1
5063 9685 1
-9233 2300 1
5220 879 1
9611 -7909 1
-9126 -2602 1
-2494 -4087 1
1848 -644 1
5142 9182 1
1125 -7552 1
-8783 7541 1
-8041 8152 1
6612 -1414 1
-8450 7217 1
-7993 7371 1
7906 -6895 1
9776 -4402 1
5090 5806 1
8984 2748 1
-469 9097 1
-742 -6286 1
1397 6964 1
9977 4342 1
-5002 -3847 1
5805 8460 1
1005 -8508 1
-6073 8835 1
-6766 771 1
9528 1769 1
4595 1405 1
6584 -2944 1
1959 -1453 1
-1482 -4315 1
-3214 -2225 1
-7207 9749 1
-9468 -2413 1
-5695 -3630 1
6066 2279 1
-7897 -5785 1
-6781 -7919 1
1373 9352 1
-9694 9961 1
-7013 345 1
8706 7523 1
9200 -3204 1
3467 4158 1
5082 -6652 1
7936 -5239 1
-1777 2012 1
6653 -8521 1
2742 -8215 1
-8133 9152 1
-8656 -9133 1
-3993 5993 1
4013 6957 1
135 -3544 1
-8820 5826 1
2206 -6024 1
-9399 -4817 1
4701 -9936 1
-9469 -6571 1
1342 -10000 1
-4033 1064 1
7691 -7522 1
-9765 9770 1
-6365 -7634 1
1295 -4624 1
2481 -7615 1
4449 9518 1
-7095 -9735 1
4376 7745 1
8282 -4390 1
-6319 -5823 1
8987 -5491 1
-7522 -5764 1
2735 9253 1
-3058 -3328 1
7582 602 1
3733 -445 1
1131 7914 1
8601 -338 1
-3499 -1999 1
3566 -7786 1
-1102 -6697 1
-775 6571 1
3943 1769 1
-9540 4901 1
8365 -1740 1
-6927 7515 1
3193 2279 1
9824 3780 1
-9060 8638 1
-6694 -5531 1
9529 -1368 1
-6942 -4855 1
2759 647 1
-9087 9185 1
-3497 -3309 1
7939 7409 1
3044 -9706 1
-9412 251 1
1973 9985 1
188 -1537 1
-5598 -9094 1
7073 -2866 1
5043 5007 1
6797 -5422 1
-7670 -9128 1
16 2378 1
6934 6484 1
511 -2094 1
8696 4773 1
-1514 7169 1
1800 1233 1
2894 -1273 1
-1009 -1948 1
-1224 2095 1
6094 -4874 1
-5248 639 1
-4468 1620 1
3397 -4523 1
6244 -9732 1
-2941 862 1
7328 1260 1
9143 -7994 1
7847 -1281 1
-6895 -8099 1
-3585 8852 1
-142 324 1
4700 7057 1
-2389 9853 1
2251 4034 1
-7960 -2638 1
-2828 -9807 1
-631 2360 1
4226 -2947 1
-3358 -8270 1
-5245 5313 1
-1249 6860 1
-6137 -5467 1
-5359 3101 1
-1451 269 1
-386 2233 1
-8322 4658 1
-5186 -2950 1
-5393 1316 1
6163 3638 1
-152 -4984 1
-9416 856 1
9323 3830 1
-2246 -4091 1
6626 -9306 1
9836 -3826 1
5957 -1720 1
-4262 -9558 1
1088 920 1
1087 -2043 1
-6991 4981 1
9848 4128 1
7845 -6540 1
9292 3385 1
2660 -1050 1
-7456 5600 1
-3118 -4222 1
-2497 -7547 1
4976 692 1
2285 7842 1
-4360 -5579 1
2585 5619 1
8587 -3499 1
9666 -5236 1
4976 2794 1
2328 -8731 1
8726 -3422 1
-728 4244 1
5594 -1257 1
639 -2403 1
-4822 947 1
4298 -7311 1
6308 -6429 1
-7514 -4282 1
6021 -4244 1
-7069 8908 1
-2390 8866 1
-3903 6674 1
-4026 3447 1
4136 -5902 1
-3481 9041 1
-7529 -5109 1
-6564 4949 1
-284 2115 1
-6541 689 1
7775 -5194 1
-2540 8193 1
9038 6404 1
-2437 -5086 1
6704 -9243 1
6992 3263 1
-9284 2191 1
2640 -5338 1
4763 -4814 1
7149 9176 1
-4394 346 1
3061 -112 1
-2361 -6758 1
-8740 763 1
1013 9215 1
-2689 9776 1
-3362 3691 1
8700 -7948 1
3865 1710 1
-3259 -4999 1
3351 -2699 1
-8266 6869 1
-6306 -9773 1
8122 -7510 1
-2941 -5764 1
-7393 992 1
-2818 3716 1
5144 -2252 1
-8435 -2316 1
-4048 -3076 1
7691 -4503 1
-9667 -6596 1
-8709 -1019 1
-5394 -6814 1
-4853 -8865 1
5023 -3246 1
-4039 1700 1
6950 9884 1
1774 3374 1
-1617 2174 1
-9005 2614 1
-2086 -1186 1
-9161 -83 1
