1000 10000
-8 -1521 376
4 9811 584
0 7691 577
-7 6400 146
10 1463 585
-13 6701 853
-14 -3130 584
5 9320 257
-19 7245 373
4 6735 263
-11 8260 321
-14 2218 105
-16 3338 609
0 -6006 741
-15 2429 333
25 2861 7
-20 -1136 56
6 9366 225
12 2204 1
14 -3646 175
-14 6298 97
2 1893 485
0 7913 73
1 3599 254
2 7983 606
-16 3846 666
5 4916 297
3 2088 896
0 -5512 671
-11 -895 165
17 8003 784
23 792 433
-27 4875 273
-30 448 497
-6 4896 645
22 4907 75
-8 -5870 881
-21 -9926 996
-30 -4510 357
27 7613 821
-20 9403 281
6 7394 425
-21 -4330 151
15 1106 511
-20 5900 221
2 -411 501
9 7418 582
-8 3741 763
-5 -7352 937
4 -367 232
2 3501 471
-13 -2680 299
-1 -154 808
26 -1972 672
-1 -1528 728
-30 -5817 244
-22 1271 598
22 7243 945
-30 -6820 788
-30 -289 821
1 -7116 51
27 -5464 107
-9 -1707 606
-24 5661 247
-19 3764 65
-11 1991 742
9 -6375 601
19 -4578 321
8 -5087 789
-28 -4589 716
-18 -5932 997
27 -4078 17
23 -1821 881
29 -6687 207
4 -2735 623
-28 3967 365
-10 -874 251
25 7286 751
-15 -4825 632
21 1865 475
-21 -6139 796
4 5357 555
9 5369 573
10 9107 471
30 -8966 482
-2 -670 859
6 -1858 17
-6 -2818 193
-16 -9972 803
19 2188 569
27 7385 841
0 -9445 481
24 3062 521
6 2213 489
-1 4872 983
-28 -1069 929
-4 8978 111
-3 -4468 61
6 -4630 537
-10 1448 220
-29 -3006 241
0 -55 91
-22 -7587 877
11 4849 511
3 2710 151
30 -7195 939
-22 -6223 455
11 1292 791
17 -4037 277
10 6029 685
1 9542 441
15 -2370 221
6 3132 144
23 4730 176
30 -6939 425
-24 4793 49
11 851 331
-18 9557 478
4 -5159 401
-14 3800 737
18 -2833 841
-12 -8680 69
1 5582 825
24 9971 697
19 -4702 61
-9 -9334 206
10 -3189 427
-12 -7884 32
-24 -3442 776
-27 1844 9
27 6356 1
28 2992 71
-28 -5611 632
25 -9771 898
-9 -1099 25
19 -3505 1
17 -6410 637
-16 -7957 907
5 -37 401
-4 2348 513
17 512 857
-22 -5785 255
24 -5320 765
14 -667 921
-5 -7668 171
9 2171 616
-9 -5039 911
-10 5306 183
-28 -2536 175
23 1865 401
12 2944 333
-6 -6337 537
-26 -4471 51
-28 -6484 369
28 4451 826
-24 -403 309
-2 2210 37
2 7545 176
-18 -4318 811
-11 1613 375
-8 -6982 747
8 7629 649
-4 -2466 283
1 5102 798
29 -1591 217
18 -1645 191
17 -8076 281
-12 584 675
-19 -10000 901
-8 -9639 133
25 3743 469
-7 6133 801
16 2681 101
25 3080 705
-5 9659 19
-21 5656 855
-12 -6047 854
13 -5716 55
-18 4431 509
-11 -8416 319
8 3827 497
3 1118 559
-27 -4501 31
-24 657 451
28 -3274 873
17 -4852 870
22 2622 226
10 9046 284
16 -725 714
-25 -5545 373
30 -4375 871
3 1812 801
7 3275 741
-25 -8714 533
23 548 5
-24 -7569 206
16 6639 646
4 -2233 201
-15 -2281 522
-20 7554 887
-13 -2129 661
28 4299 31
28 7705 832
16 -8816 992
-5 -4735 797
-30 -362 902
14 9852 293
-20 482 516
-29 3323 741
-21 4533 881
-12 -4301 528
-28 -2947 925
2 -9931 153
2 6697 581
-21 -9697 1
7 1205 733
1 -7975 951
-17 -922 240
-8 -2470 687
-26 6230 817
-17 1202 309
-16 -8077 457
30 2936 18
-1 9703 937
8 -492 446
-20 -7267 177
-23 -4885 815
-30 -458 877
2 859 625
-16 -2538 785
-15 175 409
3 -9887 829
3 9563 419
-10 48 21
24 1514 901
14 -2266 291
5 5792 593
-18 -6472 427
24 1320 589
-1 -2295 57
-27 2411 887
17 -3087 509
-24 3248 345
0 8394 601
15 9447 741
20 -280 481
17 6638 674
2 7772 595
-16 1044 604
-17 -6211 625
-3 -6634 159
15 -9190 9
15 -8704 396
7 518 201
-25 -6595 586
-28 8963 671
-7 -3553 405
-10 -8628 907
26 8322 390
21 -6125 57
24 2553 191
0 3827 785
6 6488 571
25 5489 603
-28 2513 113
-18 -3134 526
30 5396 25
-13 -4033 851
20 7162 911
3 -3892 876
-15 -4220 631
-20 -4122 601
17 -3124 922
26 -7871 470
-11 8942 627
5 -849 965
6 6740 106
29 -2542 314
-4 8309 296
12 -5309 23
-20 3617 621
-8 -9016 141
-29 -946 659
-18 -5650 841
-15 5312 373
-2 -9770 28
-13 7472 665
-30 2726 801
14 446 369
-1 3107 585
19 9549 440
18 -154 691
26 -5405 323
0 -1387 455
21 9293 593
28 -4672 570
5 -6034 807
-2 2906 161
28 -3456 153
13 -580 833
-27 -1891 721
25 8317 897
16 896 201
-10 3417 636
14 6230 287
29 2714 389
18 6095 101
-21 -643 623
-25 -264 263
11 -7208 417
-29 9851 158
3 -3716 15
-28 5033 17
-3 -2278 591
1 -3450 521
-21 6402 567
7 -8429 721
-27 8702 765
19 -3747 888
-5 -1258 1
12 -7174 922
-19 -2178 359
21 -1582 113
0 -9323 445
24 -2861 381
-12 7208 481
13 5873 121
3 -5785 21
-30 1136 1
9 -7196 956
28 -52 512
-14 6455 370
27 -4852 645
-2 10000 817
30 301 777
16 -3907 847
-25 -1621 401
-7 -6773 627
-25 7397 631
-6 -1744 177
-25 1779 28
-27 3670 221
17 -1952 193
-1 2454 417
-15 -9779 389
15 -9277 443
-5 7513 467
-30 1505 29
28 5741 580
23 5585 875
2 -3721 606
-7 3791 649
-5 -8725 297
-18 -647 307
17 5851 959
-13 -8283 711
-10 -9109 787
-25 6611 147
26 -7207 901
15 -6532 17
-28 -7609 901
-5 -3144 251
15 -9256 545
13 -7028 945
-26 -6358 409
0 -3175 169
-14 5060 801
19 7211 537
-27 5040 25
13 -6946 919
-5 4043 617
21 -10000 201
5 621 692
5 3109 989
0 -9052 601
-1 -333 970
17 711 87
-7 -7830 353
-19 -6487 524
22 -9469 166
12 1712 586
30 -2856 1
-7 5592 416
22 -7706 529
-18 -4705 853
4 5027 21
-24 -8709 290
1 1151 476
12 -4087 941
7 7269 615
-4 -4471 747
2 -1575 518
10 9677 369
9 6278 881
26 -7987 17
-19 6416 624
3 -1331 970
5 -1550 209
-7 -9432 745
29 7931 771
23 -1796 886
-21 -4513 757
-19 -4849 946
28 8780 769
8 -3280 280
-15 -2644 409
-13 -676 973
16 -1912 731
20 3978 69
-9 -9078 157
-19 -3604 149
26 2765 391
26 -817 201
12 -5627 61
1 7880 455
19 -856 553
0 -7151 934
-6 7668 217
-13 2039 331
25 7748 361
14 -1589 761
-25 815 661
13 -9706 581
-2 573 969
29 -7763 663
10 7524 215
-1 -8107 371
18 6626 966
-16 -3502 19
6 -7840 360
24 -7794 57
-24 -2614 749
12 5482 599
-20 3673 1
-16 -5643 93
-12 9503 475
-5 9825 911
29 8734 643
29 880 1
-30 -6768 847
-30 -1204 888
-27 -2331 369
-5 -5648 851
-5 8404 907
-19 -3293 453
-4 2775 106
-29 8780 338
-28 4643 541
15 -9448 241
-2 -304 785
6 3909 953
15 3679 36
-25 -3291 529
30 7376 521
29 9234 719
20 346 721
30 -201 341
-29 5467 529
11 -8650 456
-30 4848 687
9 -5286 793
-21 1278 485
-17 4812 181
9 5207 135
-2 1865 657
-6 5574 361
28 -8275 483
3 -6696 875
-29 -1000 555
-20 -7635 855
10 -397 955
-30 7593 91
-5 7141 519
11 -6676 387
11 7996 281
12 -6172 817
30 -4451 351
-22 -8701 673
23 7116 61
-25 6176 373
30 -3449 745
-27 -8583 371
0 -4162 137
6 2204 613
9 5753 171
16 5037 761
17 3773 953
-24 -7315 401
24 9818 813
-10 -133 655
22 -9275 547
22 3946 446
-12 8745 249
-21 -6295 873
10 6244 953
-17 4507 87
-16 -7797 389
29 -4054 405
-8 -3949 1
25 9461 121
23 -6837 489
9 2198 244
28 -9442 729
-3 7489 414
22 2710 323
15 -5572 127
11 3236 777
5 5480 834
-14 -9140 905
-6 2007 581
-25 -9517 201
-8 -2062 745
4 5549 681
-1 6078 565
-15 -7360 939
1 3710 426
-25 7762 170
6 8261 663
-10 6746 801
-2 -4674 837
27 6048 245
7 1222 358
-9 -670 497
-12 2009 969
7 9815 1
-14 -8541 986
-30 -526 376
2 -1975 852
7 9899 905
19 4750 647
-11 9756 726
-23 -3814 627
-26 3039 851
-30 1460 921
22 7541 905
-5 -31 213
29 -1116 726
-11 9620 797
-3 7478 873
-26 5402 649
-18 107 142
-18 -5487 155
-24 -5766 833
0 5302 241
-4 2741 919
10 -8764 521
15 -8243 558
-8 -2295 231
-4 -4942 730
25 1002 109
-29 8258 461
18 8636 431
4 -2294 461
-6 857 929
-10 9869 979
29 -4333 571
-20 4820 555
26 -265 591
-23 7779 841
-28 4676 561
11 -5978 466
-9 -456 61
3 -344 785
-12 -6056 291
2 -2521 386
15 4643 29
13 1800 301
-23 -496 621
-2 -7771 246
-14 4679 626
18 7779 1000
-9 3426 550
-5 7241 766
-15 -1896 553
6 -2797 787
-26 65 823
-3 6473 705
-25 -2681 441
-4 3 24
8 1870 91
-10 5654 456
-10 5834 911
16 5527 299
4 6165 661
-28 8510 81
-8 2860 117
-21 -3000 264
17 -1381 56
-27 -1916 760
-1 -264 521
-4 7542 78
25 -3498 465
-2 -9610 41
-13 -4585 249
-6 -2260 163
-5 8028 371
-8 -8836 721
14 5462 225
1 8 198
24 -4391 643
-29 -5059 97
-19 -5035 313
27 9725 711
-28 -9071 606
-28 -9679 382
20 7320 653
12 -5647 231
-18 2465 641
-23 3071 777
6 20 439
20 9600 321
-9 2177 757
-1 6252 135
19 -6079 59
-20 6329 493
2 -622 126
11 -6723 875
-5 -298 824
16 -4447 986
-14 7733 91
-25 2819 349
-3 6173 322
29 7343 790
30 337 277
13 -225 737
5 -23 791
0 -563 609
17 2030 665
-13 3419 281
25 -5342 166
20 -1909 351
19 3351 842
7 6776 879
-22 7163 961
-5 1178 201
16 5714 221
24 8780 343
-27 -7099 901
6 4259 526
3 7082 681
0 7295 173
-30 -7690 507
4 -2911 781
-17 -6213 233
18 6534 601
-5 -8266 141
6 -4456 989
6 -1303 7
6 -7282 685
2 4821 136
-12 2396 399
-22 7794 10
25 -6967 850
-12 2836 444
-25 9272 711
-15 938 985
-27 -325 963
-17 -7381 111
-17 -7342 641
25 9417 91
-15 8975 390
-13 -678 8
22 5429 9
-28 8767 101
24 4237 633
-25 -8518 365
11 7430 303
-30 -8418 324
-3 5819 421
-24 3863 187
-20 4090 195
8 1571 69
20 4405 623
24 -3652 863
-13 2986 881
20 -5761 54
-5 4119 718
0 -2301 597
7 -815 689
-1 -2453 108
-24 -7944 417
11 -7909 929
28 -6412 761
18 1141 432
29 3389 266
4 6218 126
-25 -8062 599
-3 1658 921
8 5311 705
-6 -2509 444
-28 -1315 529
24 -1626 815
26 4168 181
-29 693 305
-22 7208 536
-19 -1530 855
15 -1445 489
27 2503 276
24 -628 17
8 -5480 305
-24 -3568 200
-10 -9108 348
7 8415 52
-4 -2509 898
7 -3959 145
-13 -9766 121
-7 -8164 716
0 5063 209
-27 -1704 309
-8 -1645 195
-28 -7660 445
-13 -1864 844
8 -3956 29
11 8585 26
19 -4631 232
-30 -1233 63
-13 -2695 745
5 7205 1
8 9101 521
-8 -3767 830
16 9920 549
-14 -595 905
-7 7697 849
-20 -7742 345
11 1690 725
29 4910 521
9 2108 733
-27 -9879 982
11 7291 225
-14 -7416 467
0 4250 552
-30 6557 271
21 -488 809
-1 -3748 844
17 5557 581
4 3958 385
25 -4897 877
23 5186 781
-25 -889 64
-26 2562 759
25 -7759 431
-13 5957 209
24 -7243 493
3 -8375 340
27 -268 711
26 -4446 76
29 9920 633
3 -3313 187
-1 -7126 251
-28 -3256 411
-28 -901 738
16 9684 421
-26 -1241 305
28 7094 432
-20 -9835 996
7 -332 375
12 3500 561
26 -9012 335
15 -1948 1
7 -8348 910
-27 3622 365
8 6576 541
15 -4446 326
-8 71 292
0 -3889 131
-19 6856 579
-14 -1657 336
16 8720 823
26 3455 426
-3 6862 850
-6 1240 176
27 2092 23
18 -416 643
3 -1816 537
5 -8470 919
-15 728 951
-16 5995 513
3 -2 369
-28 3245 471
-2 -8272 948
-24 6077 428
19 9476 411
8 7604 201
-30 -2958 371
13 8057 101
30 -292 913
-23 7406 699
-23 4103 769
22 1277 316
29 -4027 714
-19 -2843 935
-12 910 984
5 864 921
-5 3631 834
-4 -4347 225
-24 -9293 501
-9 4075 691
-8 16 9
-24 -7441 137
29 -9005 481
5 -5914 495
11 2008 705
-7 -9269 149
14 1830 39
-4 -7114 937
24 -9444 741
23 -2427 321
-30 -4831 9
9 -4481 403
-4 6683 551
-3 -2125 12
-25 -9731 185
11 -2472 150
0 -3893 465
-6 -310 817
26 -9008 725
-16 -2680 783
-19 5018 495
-3 -5476 935
-19 4333 231
16 -4393 241
26 -7060 357
25 7208 225
-14 2465 303
26 2202 901
30 -8566 877
23 -6127 502
-16 3893 281
-9 8384 931
-2 -7692 793
25 8969 390
26 -859 657
6 -7725 145
-29 560 728
-21 8072 271
7 1916 691
15 4358 99
-7 8900 413
-13 1808 101
9 6107 451
30 -9928 761
-4 -4701 519
-8 7052 56
-19 1551 281
26 -4339 261
-9 1460 245
7 -3505 665
15 -4808 327
11 9205 754
13 -1673 783
-19 4965 254
23 1184 445
7 -6051 181
-22 6815 159
-19 -9542 29
9 8170 961
-6 9338 279
22 4533 587
-17 -6198 301
-10 -2716 505
-15 9293 797
30 -3399 453
-10 -739 711
-9 -5531 77
14 494 235
9 -2212 981
-5 -4212 95
26 1668 309
-18 6749 599
-4 658 379
26 -1470 811
22 6067 893
13 5501 1
-5 3328 541
26 4868 794
-3 3617 417
-21 -115 873
6 5657 160
17 2238 41
9 -7612 609
3 2707 425
-23 -9062 825
-5 9236 869
28 7523 585
4 6539 181
-1 -5235 529
-25 -6106 110
-28 -28 659
23 3344 17
-16 -6258 149
17 8168 241
10 1616 516
-8 -9529 777
-24 -8602 700
24 9200 275
-27 -1170 436
21 1592 545
17 -3677 281
-18 -9425 101
-9 5390 920
-14 351 163
-17 -2998 235
-30 5133 125
9 -866 311
-20 -4600 321
9 5691 707
20 8283 331
8 7514 201
-22 -1546 713
26 5026 659
2 -3246 781
-27 1673 302
25 -6408 213
-12 -5407 573
21 7039 105
13 -6459 701
-10 -9694 467
9 -3559 561
-12 -931 121
6 -8374 521
-21 -5390 548
18 -4783 495
5 5734 177
-24 -6215 893
-30 833 181
9 262 946
-30 -7994 588
-27 -8815 975
-8 -8389 821
-17 2055 946
-15 -9673 992
-29 6171 957
-28 8672 315
21 -1983 93
-30 8562 933
24 -7993 182
-24 -4235 691
-8 2996 394
12 -4177 985
-8 -2697 45
21 -5834 226
-24 -889 255
-25 8687 832
9 -3374 461
10 -8596 189
3 -2371 61
-30 5549 681
-4 -9078 651
-27 -2686 733
7 6470 129
-9 6704 649
-4 3107 899
2 4767 156
-29 -4488 446
-14 -8278 481
18 190 911
20 533 745
24 -4801 781
-16 5002 651
25 8993 571
11 -2300 520
9 -694 105
16 -7767 451
30 -7594 72
8 -9874 901
-11 1457 469
-30 8054 196
30 9691 539
14 7156 701
30 5747 517
28 -4421 51
-7 -4384 979
-5 -6991 682
-17 6111 705
-22 -2565 493
-28 -3666 817
20 1049 461
22 -4694 395
6 4632 551
-30 3747 199
-1 6427 217
29 9052 241
26 -995 271
-15 766 46
2 2609 701
-4 -8677 988
17 -2540 721
-12 2376 191
18 2357 103
21 8612 15
-17 -3793 529
-24 8451 681
13 7294 768
-30 4460 677
24 -1867 931
-21 -8601 76
25 2582 316
15 3335 574
0 9872 621
-5 8209 253
