1000 10000
-17 -485 681
-6 2846 529
-30 7316 287
30 3666 215
-19 854 579
18 467 661
-3 988 209
-9 620 676
-6 -8608 31
19 4342 25
-6 -1652 11
-21 -1815 239
4 -8394 813
9 782 589
8 7230 104
0 4733 857
-6 6707 601
-6 -6034 401
5 7705 925
25 -5101 361
-18 6914 701
22 -7849 377
-8 9641 922
-13 9261 489
-20 -6731 12
-19 -7641 290
3 -2992 73
10 -3471 373
-15 -6373 664
-24 -2115 107
-15 3353 746
-24 -1243 557
-12 709 341
3 -1435 487
2 -4372 995
19 710 571
29 557 248
-6 6636 293
29 -5551 87
25 -5279 861
-15 3659 36
-3 5361 835
-12 6660 719
-20 923 895
-21 -9741 711
2 -1573 109
-2 -7810 629
16 3569 187
-21 -7882 126
-23 -1750 611
24 3402 278
-8 -9156 331
-19 878 579
-17 3248 598
7 2987 719
12 -2378 641
-19 5133 231
7 -2828 133
-1 -5641 481
29 4142 441
-5 -673 1
24 -8742 677
-13 9189 601
-7 -7691 513
27 8726 137
-16 9839 982
11 2913 409
15 -6160 961
-24 -2328 1
-18 6614 173
0 2758 72
22 -6593 769
26 5563 691
-29 -8296 161
18 -1073 429
-10 9274 243
9 2450 785
-5 4547 591
6 -8053 513
1 -5169 875
1 -6802 6
8 -5135 384
-24 2834 613
21 -2216 805
23 9089 647
11 -5623 265
5 -8704 528
23 -6450 501
-1 1634 379
-22 -9150 919
15 8136 30
6 -9795 633
1 -9494 746
-24 3382 707
-24 7752 105
22 -7765 235
-7 -5338 577
-20 -4090 121
11 874 665
-17 5948 761
19 6790 581
-24 -8943 193
16 -9935 53
1 -3903 59
-26 35 776
-13 -8278 898
-1 5296 16
-13 7302 582
18 8912 457
7 -7967 743
-2 1873 151
28 -6973 851
-20 2945 783
6 -473 1
29 1852 177
9 8314 157
-16 -9583 496
-10 -2647 926
-26 2698 166
-24 -1378 97
-1 5792 781
23 -8555 613
-18 -1624 85
13 -6855 671
-11 7556 336
5 4816 586
21 7571 668
-18 -5244 561
18 3138 935
-14 -3862 346
28 3404 855
-25 -4423 971
4 -322 121
1 7565 261
19 8569 20
21 -5236 580
-12 -871 100
-12 -9481 687
10 -3028 656
28 -4719 226
23 -8056 559
3 -4936 166
-22 9497 785
24 -979 691
12 -6073 101
1 5399 961
3 -7057 127
25 -847 101
-22 -5090 891
-17 3334 775
-13 1627 224
-29 2260 571
10 1302 503
12 6756 188
-30 9703 87
-27 8854 873
0 -4218 777
-22 -8983 649
-3 5152 329
6 1207 751
8 -893 373
27 -6431 490
-3 -9271 343
-13 -4210 959
-24 -3956 481
22 6137 937
4 179 136
-17 9385 577
4 4360 549
15 -259 689
-10 6884 163
14 -9250 108
-13 3007 587
30 -88 436
-16 -6619 900
21 513 602
3 -6343 553
-5 -763 321
15 -7401 433
-20 8303 641
27 -3477 1
-4 -1981 111
19 -1165 985
-6 4829 801
-30 9746 341
-20 5795 647
-11 -1093 51
-10 8771 971
-1 2667 216
-20 2190 477
-8 3008 409
18 -8119 777
-3 -6142 557
-7 -6082 442
-9 -5799 407
14 -1095 273
-17 -9038 397
-17 -736 821
-23 3635 109
-1 -4423 321
22 -229 662
21 626 561
-6 -5544 981
-7 4017 207
5 9047 350
18 -7924 569
-22 7703 801
2 1541 745
-17 -1385 257
16 -2420 277
-8 7994 740
-11 3511 77
3 1478 937
-22 596 909
-19 4493 666
26 1181 323
1 6547 391
-26 1088 994
-8 8502 151
10 1922 1
-2 -7213 1
30 -235 7
4 -3493 216
-8 5717 37
-14 -4375 829
-29 -3178 236
1 -5761 605
-16 -4034 45
-6 6539 765
27 5273 214
-19 2012 330
-13 -7826 145
-15 7879 911
29 -3196 896
-18 4319 501
-7 -4421 313
-29 -9814 219
30 -5125 544
-2 5637 501
-23 -8755 217
-26 -724 739
23 4497 553
-5 -8476 157
29 6425 426
-30 8578 746
0 7937 801
12 998 583
-14 50 601
4 7185 558
30 2279 795
0 -9454 329
-6 -3623 465
15 6507 900
-3 1380 166
-30 -9636 996
-16 -4695 933
22 3806 11
-17 1547 641
17 7427 629
16 7552 229
18 -7956 868
-21 -6074 221
-16 8618 379
10 -1621 169
-16 -5996 501
8 -143 521
2 1024 745
3 -889 918
7 -6704 162
-25 -8071 565
-29 3119 451
-2 -571 609
-4 3671 591
12 3704 943
-30 7265 33
13 3585 933
14 -4579 201
27 -8662 293
-30 2335 41
-3 -6213 337
10 4544 593
-10 -580 521
-14 1549 229
-27 847 901
-12 4903 873
-2 -5512 805
29 -1096 594
17 -5698 651
-24 6279 497
-22 9277 921
-11 -2164 261
-28 4646 769
0 4155 145
6 -4530 725
-8 -6059 721
12 2844 251
1 -6134 791
15 4058 939
27 2592 166
-11 -7463 529
25 -838 581
-15 6905 333
-24 -1219 705
5 7346 713
-24 -991 101
-22 -3403 23
12 8190 53
-5 3516 503
5 -1891 751
-14 1065 536
14 7734 417
-7 -5929 889
-11 -4773 623
18 1893 933
17 4001 285
-14 -9998 21
7 -1015 199
-30 1809 621
11 3665 545
-10 -9062 460
-30 9185 239
-28 224 413
28 -9949 587
15 7262 450
-26 -6564 893
-14 -6199 504
18 4778 447
-2 -5741 287
-21 4268 841
-30 2114 632
4 2714 721
9 3462 221
-21 -384 849
2 6492 443
-16 -1724 771
6 -5344 113
-20 3624 937
-12 -1833 90
23 -1676 670
-5 -9403 308
-8 -9343 153
-13 -9836 201
12 146 727
-23 5456 133
5 1895 314
21 2194 721
17 2393 561
16 -1083 666
-20 -2134 441
-20 9965 137
-5 9033 79
13 -5534 321
-4 2612 193
2 -9790 313
12 -8304 745
30 7549 841
-26 3143 251
15 4574 891
-6 1133 29
3 1941 906
-30 -4867 125
-11 296 461
-28 -5613 465
8 5294 894
26 -8007 489
21 -2899 401
12 2285 297
-6 7050 444
-22 2744 529
-22 -8246 489
27 6923 89
-4 -5263 337
-30 -5890 305
-26 6326 729
-30 -6421 345
0 -1042 1
2 -3712 856
13 -188 455
12 -2515 92
-4 5996 735
25 278 785
-19 -8668 42
7 -4256 753
-8 4761 840
-14 -9881 61
-2 2589 345
23 -151 537
14 9521 842
-30 610 180
29 5505 513
-25 232 397
-14 5623 255
-26 -3721 539
-14 657 376
27 -9661 266
-10 7805 906
26 542 985
-15 -8659 541
3 4527 174
25 6071 305
-17 1233 739
22 6062 921
26 -7510 383
15 -8594 441
5 8655 271
-29 -5575 409
2 -1905 465
8 -7626 367
-27 9423 71
18 3890 104
-26 4610 1
3 -3116 37
-7 8027 350
-18 -3481 159
18 6368 971
-17 -8217 887
16 -1891 465
-4 5571 117
25 -3697 149
-28 134 223
-1 -103 687
19 1859 885
-3 -6133 911
-3 -580 560
21 4421 718
24 -2931 76
9 101 377
30 -8902 984
20 -2680 537
-29 -5886 203
0 -4963 521
15 -4665 546
13 267 144
-2 6641 303
21 -5326 821
-30 5376 337
-14 -7753 84
-9 6651 876
-29 -8485 177
-21 -7939 541
20 4991 606
-5 4442 316
19 9204 675
13 40 561
1 6281 389
-18 1446 501
-13 -4873 201
-28 -9835 99
-4 8798 719
-19 4425 611
23 -1425 986
-26 4694 801
11 -7363 535
-30 2114 97
-21 -4423 386
-9 -5347 982
24 -9131 45
24 5976 539
5 -9487 121
-18 658 221
22 -9146 589
8 -6154 136
8 -1282 514
24 -8674 657
20 3644 544
-11 -3982 540
-7 -7503 921
-30 -8831 645
29 -6009 209
13 -978 442
15 -8273 708
-12 -4105 122
-4 -1547 969
9 -9790 530
-2 8944 951
-18 5849 620
18 9458 820
7 6570 337
10 6045 933
-30 -5092 713
-5 997 29
-9 -4480 109
17 2873 565
-21 -927 929
-20 -5355 892
-22 -8173 501
7 -5029 817
3 -8278 829
-7 5741 819
-4 4138 899
29 5018 321
15 3601 405
-16 -6695 701
-10 7797 1
-8 -7797 626
4 1625 289
-8 -568 803
-20 -5239 117
-6 -6745 761
18 -5290 495
-16 2309 289
22 -3866 75
3 1317 425
19 -5486 305
-29 5456 481
16 1401 807
4 -3585 99
20 3228 536
-1 3749 893
-16 -4699 798
-27 3626 751
26 -3919 669
6 -5179 461
-15 -6630 705
23 71 676
16 2717 647
-23 -8362 556
-8 5173 917
-10 7943 429
-26 -6961 390
17 1967 251
21 5115 501
-28 7141 956
-18 7774 286
13 5086 903
-27 8492 647
-16 -6838 607
-29 -2200 787
-9 -1099 15
5 7780 663
-9 -4117 56
6 -7715 399
-27 -1588 520
7 4133 692
-30 -538 629
-21 1877 485
17 9266 745
-14 2173 1
6 2885 907
-2 -8992 191
-18 -2177 173
21 7950 631
-14 98 105
-1 147 441
12 5155 589
-21 -3263 788
17 -7287 629
-16 -8392 301
4 -843 358
9 -1688 1
-11 6949 578
-25 -5729 801
3 -9760 681
21 1073 478
21 5621 705
5 -3889 409
-15 2229 491
-14 -6684 321
-9 -2845 601
0 -846 301
-5 -8054 534
0 9216 434
17 6138 695
14 7721 189
-22 -4030 441
20 -7321 545
-11 2177 151
-16 -7219 841
17 -4955 1
14 -4848 4
-23 1163 157
23 7843 139
-2 9288 573
-21 -7849 181
-30 -4558 265
19 -1892 82
-16 -4870 925
26 4207 847
-26 1892 153
5 -4474 680
-7 -9298 523
-15 4544 786
5 -8525 571
11 -7120 626
15 196 341
7 7124 457
-19 3752 526
30 6249 245
27 3206 981
-27 -1842 961
-27 4323 433
22 -2167 535
21 3403 822
26 -9046 65
-28 3098 221
-4 9041 237
22 -6577 533
-17 -8386 101
-9 -87 606
30 -4039 651
15 -4843 415
-17 -6065 335
-26 3620 571
8 -9717 21
-12 -1153 861
17 -1091 783
13 -3417 966
-26 7096 208
-12 -7804 793
13 -484 646
-12 -5401 401
-19 -1495 941
23 5205 41
-12 -9322 546
30 4629 445
15 6997 517
-28 7827 937
-19 1280 369
-4 -2056 549
16 -5717 479
-9 -1809 936
-8 -9045 462
29 8705 951
-24 -6462 865
1 -3034 125
-11 -4264 237
23 6548 352
-4 -4351 197
-8 7140 141
7 9263 201
-30 7244 661
-24 9194 649
-13 -9683 427
-16 4946 889
-3 2089 301
1 6962 129
3 8109 794
19 6336 626
-19 -6985 641
-13 7664 541
6 -6991 187
22 -6396 841
1 -5747 113
26 -5014 695
26 -6545 151
15 -2833 55
-9 5117 243
28 -1232 151
13 7460 337
27 -1702 743
-25 7384 201
4 -5938 698
10 2360 31
23 3632 11
23 7305 196
3 -2102 945
-2 1442 251
-15 4103 356
-29 6428 617
8 -6015 486
5 3746 165
-30 7255 163
11 -6375 625
29 9926 304
2 8495 787
12 3815 757
28 9140 850
-22 8799 422
-29 -8398 101
-2 -2895 901
19 7197 776
11 -4755 526
-28 -7691 501
-19 6405 461
6 -3817 861
-21 -5275 681
17 -3141 201
13 4031 920
-27 7532 741
17 -4314 675
30 -9340 353
0 -1711 775
3 -6873 277
-23 -7018 601
30 -463 541
-1 8969 425
21 -9458 243
6 7400 301
-8 1562 985
28 2093 461
-15 -2437 137
18 7151 240
-27 -8860 177
-29 646 509
-6 -7069 816
15 3518 447
30 2487 669
-20 5068 532
30 1212 171
-8 8333 225
13 8592 729
-30 409 539
0 -7053 537
-9 5990 241
2 -6587 249
29 9792 745
8 2843 738
7 94 267
18 8206 995
1 -4579 271
23 -1339 601
2 -4249 357
1 2741 613
25 -6772 201
5 -5612 963
-23 174 373
-1 -7435 741
12 2223 713
-22 -7806 103
5 6107 843
18 -9337 649
5 -1817 982
-24 -6626 611
-6 8590 330
5 -2833 809
-9 2226 721
1 6112 607
-30 1905 213
-2 -4862 381
-30 -5889 11
27 -2356 725
-26 9198 91
-7 -5887 971
-11 8951 571
-20 -5536 317
11 -8866 991
-2 9105 493
-15 -1942 965
26 5282 575
5 5045 502
30 3023 920
-5 2420 299
-28 -3944 55
-21 -7598 88
-30 4768 361
-6 -8191 5
8 -8725 857
16 -7180 661
-20 1472 873
3 -7372 996
-30 4313 601
30 -34 501
17 -3865 677
3 -1021 632
7 -6112 859
-1 -7180 393
28 9441 692
0 -5401 997
24 -6229 911
-26 -7208 153
-25 6048 561
-2 5117 469
0 -9745 541
23 -5992 9
1 -9320 13
-16 -9989 86
-15 3782 727
-15 7712 793
0 -2950 319
-15 4598 953
14 -1739 688
-19 -6913 849
-11 7568 645
-22 2468 196
-1 -8710 81
21 -8574 673
7 5721 83
-16 -538 21
-6 -9518 766
25 -3181 838
12 -9364 904
-16 8012 123
3 -3883 605
7 -7189 171
29 5434 409
27 -9940 521
-7 -4918 33
21 -3001 493
6 1000 703
0 -5846 581
-19 -6691 759
2 7976 251
26 -5660 986
17 6718 819
-22 -8665 873
-25 -5437 635
13 -7969 745
8 -9344 721
13 -3832 521
-25 5049 920
1 -1230 753
-8 2439 659
-3 -3960 165
-17 -2842 151
-25 -5908 313
20 -7884 353
-13 -5189 816
18 3209 42
-26 -6916 131
8 2930 553
25 -2302 385
-23 8261 751
-28 4055 921
-3 2351 623
27 -5113 89
-30 -2029 381
7 3590 737
11 -8280 921
23 -2494 781
-24 2347 281
-30 3283 559
18 9309 969
29 8177 161
15 7947 216
24 -1664 729
-29 -8473 363
-8 -3979 545
-30 -1856 901
18 6203 619
-30 992 279
-17 9812 617
-4 1880 493
-3 5161 635
14 -9527 85
-30 9412 893
2 2317 215
-2 -1156 301
3 -7317 93
-4 -343 305
27 1219 749
-17 3482 693
-11 -6055 537
1 -2227 231
-6 -9131 301
21 2460 917
13 5819 74
-16 6074 916
-20 5286 91
5 3082 277
-27 1871 536
7 -5985 171
6 3052 657
28 9103 214
-26 -7084 873
-16 9781 800
-3 605 793
19 3800 685
21 -4302 957
-18 -8254 231
-16 -2108 522
-24 8532 671
24 -8556 981
-28 -9126 382
15 -3056 163
0 -7737 321
-4 -7538 863
24 8326 425
-12 -8668 87
-15 7036 454
-3 -7189 172
10 -1720 286
6 6776 281
-8 2365 978
11 -3055 233
-10 -6212 804
-10 -3746 761
12 -8891 865
-25 7279 181
-24 7417 281
8 -5026 463
11 -10 419
-9 8649 191
-9 1532 665
-1 8465 345
10 -806 693
9 2229 896
10 -2823 702
7 -3905 993
-27 9338 521
14 -2695 389
-10 -353 833
21 -4711 293
-30 -2389 593
-30 2168 434
-27 5069 721
-26 830 345
13 216 497
-8 3281 245
13 -367 161
3 3452 779
-13 -1184 55
-1 2597 532
5 8198 93
28 2168 321
-6 -226 319
29 2384 159
24 -8788 840
-10 -4879 49
-10 676 677
-25 3326 773
-19 3924 529
14 -1069 441
6 134 629
3 5117 229
-1 5587 490
-10 -2848 803
-24 3789 324
22 7296 245
-18 -2782 361
-3 9735 189
3 -9527 959
-19 6660 447
-22 -5866 467
-29 7130 961
27 2189 808
-21 7877 180
-26 1136 972
11 -2440 833
-24 -9548 721
28 -8807 63
13 5404 701
0 6105 239
-14 2030 136
19 7985 441
4 -7142 473
2 -1956 473
23 -1689 201
-30 9533 13
-23 5387 677
2 44 419
28 7235 559
13 -1843 830
-24 7817 351
30 -1298 483
13 -916 860
0 4776 869
11 7988 962
29 -8569 207
-30 1264 658
-3 1258 913
-4 5061 11
-14 -5968 65
-23 -1567 921
3 4913 353
30 321 145
14 7981 891
19 4888 29
12 -5497 415
30 3425 821
-19 6214 708
-15 9293 19
-9 2189 649
-27 2267 642
-18 -8243 585
-7 -2851 349
21 8007 189
24 1829 597
-19 2432 676
-22 -6127 159
-10 926 796
29 2300 826
27 -9370 685
-9 8842 886
20 -5602 236
1 284 793
20 5089 626
9 9803 188
-6 5256 481
30 -7793 442
27 8080 921
8 -5282 109
9 -955 677
25 -3838 250
28 9601 73
-7 -9031 244
25 -7300 72
-5 -4713 896
-12 -3650 551
-25 -2335 766
-6 -8554 665
-6 8472 689
19 5215 176
16 1084 861
-3 7628 361
27 239 871
-10 -5162 812
28 -9043 513
-5 2394 263
-5 7209 601
27 2405 381
