1000 10000
-20 -9517 83
24 -5404 503
30 -5560 763
19 6554 211
28 3924 248
-19 2907 641
20 -6631 185
18 -5051 495
-3 -8955 321
4 9402 623
3 -2213 87
-14 -6088 431
24 -9161 123
-30 -8432 121
-9 -8473 705
30 -8155 437
-20 3770 988
-6 4636 881
-17 8124 608
20 1465 521
28 6239 201
-5 -1802 182
-15 -6807 170
5 8486 156
24 9135 785
30 -9901 389
-13 -7868 732
-14 -2260 176
-23 -519 425
-12 -7667 525
16 3609 626
-15 -2696 885
19 -6767 545
-12 9775 776
-21 -7093 341
18 -8413 123
-30 -9562 525
1 -5911 201
-23 1382 130
-24 -6927 317
5 -6896 813
0 3980 628
25 -4471 501
6 1494 312
6 -981 142
-30 -6001 1
-20 4191 801
27 8033 513
27 3620 744
21 -2008 57
4 1 540
14 3395 520
10 8453 641
1 8360 161
-12 -8227 609
7 4550 973
-14 -1573 573
6 5874 302
-18 3911 167
-20 -1446 81
8 -361 217
25 -7504 736
-12 8528 37
8 -5887 653
10 -7417 104
21 7958 881
-27 -9135 662
-20 -4148 501
19 -7135 989
17 9027 647
-12 -2802 600
10 -7726 551
20 4864 766
26 -3290 561
25 1238 661
4 2168 681
-18 3687 889
28 -9646 102
11 7171 81
11 -9604 822
7 8360 61
24 -9861 651
28 -8122 134
-21 -2077 722
13 1868 59
11 4376 275
-21 2098 790
19 -3444 129
19 -9403 729
8 -8299 91
18 1445 473
6 -1315 305
-1 -8976 799
2 5198 105
-17 -1888 327
-25 -3942 655
27 -943 209
-17 9812 595
17 -4966 781
-24 9694 877
10 3998 375
3 8990 343
10 -5078 478
16 3910 251
-24 1646 206
-23 -2959 810
5 -9627 145
-19 -8372 505
14 5008 821
-12 2079 678
10 -7450 307
-24 -1594 171
3 -7820 837
25 -2108 529
0 2204 4
-19 -4937 281
-10 -5526 577
14 7371 586
-9 -9835 550
26 274 638
27 8633 409
-18 850 380
-21 -1026 665
8 8134 186
22 -8293 830
4 7859 413
-7 -2449 971
-4 -5184 949
25 -4279 916
-2 1496 989
-2 5921 31
27 4497 27
-25 6233 202
0 -8656 558
16 7782 309
-17 -5680 730
5 8251 251
2 8945 553
-8 5948 803
30 -2419 589
-5 2015 369
-26 -6121 255
11 -3043 123
28 -7183 761
5 -7104 371
-22 3293 302
-12 3042 251
19 8342 451
5 6836 241
-29 144 586
-25 7368 542
-16 -1042 941
-11 -9646 591
-11 -674 5
26 -4537 883
-6 -2213 325
-17 9308 999
-4 9014 581
-17 -8455 86
0 -7182 403
-19 -2290 608
1 -7007 649
22 6301 794
17 -1327 9
-20 1931 33
-25 -963 1
10 9053 747
-10 3269 481
-3 1001 345
28 8487 750
21 3929 781
-6 -9758 721
26 4196 891
5 1635 348
15 -2271 633
11 2469 261
-30 5663 969
18 6709 766
-11 -8983 964
27 1465 46
-25 4515 276
-27 3641 151
11 1006 591
-28 -3211 25
28 1832 741
-25 -6704 225
-26 -845 251
-22 4398 188
10 2108 979
28 5979 311
-24 -8990 590
-30 -5995 649
-25 7753 287
-21 -1783 529
2 6461 719
17 -6510 893
16 5 401
26 -8073 717
-24 -6047 585
24 -9941 736
-1 -1060 841
11 -5158 217
-11 -5893 853
28 -1821 425
-10 -9229 741
0 3715 498
-30 6314 775
7 -8577 816
-10 -9916 631
16 -7318 201
-6 2619 787
0 -8791 329
-30 -8103 51
-5 1364 731
-6 -6469 146
22 8741 133
-26 -8065 701
-3 2466 705
23 -5258 365
-11 4013 46
-2 -3686 223
-9 -6023 688
-10 -6121 593
14 5310 165
19 2650 982
-3 9991 97
-27 -3959 564
-1 -2412 741
7 6926 691
-18 -8497 153
23 -1699 101
-19 -5215 891
-9 5444 449
-21 -1931 132
-9 3354 889
29 8060 481
0 7435 746
-13 -9242 191
19 -5341 996
10 4005 978
-13 4136 222
24 1702 876
5 -5695 385
-14 -5884 405
-13 -5821 781
-18 -7644 39
-19 -8724 163
-22 -6637 529
1 -6304 117
15 8127 633
-23 7695 391
-19 -1343 401
-20 2921 55
-26 6698 943
-24 5516 17
30 6358 326
4 7013 104
9 -5383 669
-3 9911 619
8 9020 201
25 8291 959
24 -1303 96
8 5919 411
12 -6061 753
-8 -8176 911
-9 1534 183
15 -5584 221
13 3366 927
-24 9596 285
14 -7246 810
-28 3371 861
24 4775 201
15 -1963 207
-3 -8860 2
-12 -618 93
-30 8636 901
4 4343 553
-24 459 926
12 342 114
-29 -7354 313
22 -574 347
-15 7064 552
20 1223 571
-4 -605 470
-25 9493 721
-10 -3440 449
-13 2326 115
25 4757 105
-18 -1333 811
-24 -9608 737
22 6099 204
3 -1498 483
15 7930 241
2 4031 921
7 -4304 989
20 -16 359
22 -9170 195
12 -3754 551
-16 3158 431
-14 -3768 229
-19 -676 285
24 -4238 289
12 -2133 701
21 -7006 291
-18 -3536 341
-21 8869 29
-26 -1276 301
-7 9444 881
28 3476 173
-16 2716 923
7 6301 735
-2 -883 697
10 -9493 257
-3 -9684 281
17 9368 84
24 -7259 75
19 -4405 501
-14 -3022 162
-2 -5675 807
8 8169 196
-13 7865 401
-30 -8152 665
2 -8873 161
-7 -1756 798
7 9203 186
-20 -3571 961
-17 5457 637
-16 -2543 937
-28 2130 829
-2 6856 602
-10 -3931 421
27 -8717 532
1 -8698 915
2 1955 821
-6 -7481 861
23 -8619 131
17 4495 781
-1 -7932 939
2 8000 641
-29 7900 473
28 7063 701
20 5780 351
0 -7741 549
-30 2387 949
4 5001 983
-15 7178 833
-26 -796 871
21 7812 379
-30 2495 979
12 2601 7
5 -3925 716
30 -9253 205
16 -3060 307
8 356 297
22 2294 446
-12 -9031 213
8 -7015 661
-12 -1308 855
-15 -9706 521
17 -7414 871
25 2687 1
-3 5645 789
16 -3601 124
-25 -7889 401
10 -9693 444
-26 4028 69
11 3516 174
8 6920 501
-20 -4120 994
16 1136 369
13 5816 246
-23 -1355 841
26 6159 296
-12 8426 969
-11 5328 589
-11 9015 97
15 3721 281
-28 530 233
-7 305 753
5 6828 695
26 6277 627
-23 7138 569
-21 -8554 923
21 -5848 253
16 5375 481
2 9395 514
-1 7077 145
22 -9437 625
7 5247 336
-25 2437 17
-15 4332 318
10 5582 426
27 -1891 781
-29 -253 871
-24 -6808 751
-12 8876 61
9 -9836 992
18 -3481 849
-4 -1273 211
4 -5305 669
21 -4284 916
18 -991 614
-2 2733 737
4 -9660 651
22 2603 409
5 -8033 26
-18 -7927 326
-13 3730 286
30 7568 797
8 3008 676
22 629 217
-22 9949 343
0 -2261 369
10 -7829 853
-5 119 127
11 840 351
-16 9644 981
-30 3866 615
30 -661 161
0 5362 713
23 5060 560
-6 -5846 951
-18 8804 957
-7 7890 761
10 1068 79
29 6137 28
-18 -7844 641
16 6534 293
5 -9298 961
27 -5263 798
19 -2052 857
-18 2102 492
28 1500 561
6 2978 41
-21 5853 369
-30 3877 885
15 5753 201
-3 -7891 917
12 -8163 949
-3 7757 79
17 3373 953
-10 456 312
-11 -1017 296
16 -8899 386
-18 -1567 629
-2 9889 141
4 -901 831
-10 8827 997
-18 -3213 238
-25 752 799
9 -5027 685
6 7424 429
-14 5202 196
-4 1073 998
-6 8421 661
18 -1652 181
-23 60 528
-4 8673 691
28 -5314 274
-6 -6337 881
-10 1703 153
15 -8798 416
22 -4264 556
-12 7145 762
26 4289 14
-1 -8209 421
19 -1292 643
0 -3001 371
-28 -3941 606
5 8306 831
20 7607 221
6 -9180 473
8 -3281 711
25 -9130 987
28 -5567 703
-20 565 888
12 5966 501
-15 4106 806
30 7151 572
23 7408 87
-7 5300 132
-15 -2821 393
26 -1726 579
25 -9674 263
24 -7036 929
13 -6574 296
25 -2135 716
19 -6841 783
-16 -8431 392
-30 1840 518
11 -4755 167
-21 5989 876
-26 2957 247
-30 3069 971
29 9692 149
-7 -8564 111
-28 -5599 161
28 5437 349
-9 -1327 626
26 -754 205
18 -3991 793
12 -1564 961
4 -2550 453
2 8549 263
-28 7277 589
16 6364 391
16 5196 521
-12 -7858 977
24 -7874 161
-30 1 93
-28 -7555 250
29 3253 641
-15 -7202 437
-14 -3292 276
-5 -1847 850
3 2454 432
16 704 246
0 -7916 315
-4 -1369 852
-18 4949 787
-24 -8378 351
-19 -9348 532
-17 8534 432
-27 -3408 431
28 -1549 973
-27 -1363 33
-30 -223 101
-1 4280 841
-21 4766 81
26 -6629 875
-8 5201 897
18 -2698 851
-9 -5398 313
14 -8802 107
3 -1751 946
-17 -9985 345
12 6704 501
-25 -2513 259
-23 7825 333
7 -7142 287
-9 268 33
-20 5666 999
-13 -2914 660
-23 -6584 512
29 -4869 241
21 9512 393
-28 -3388 815
-4 5999 691
-26 9584 439
-18 5803 426
15 -8305 673
2 6439 591
-12 -9990 651
4 8420 186
12 1646 11
-13 6788 465
29 6014 729
28 9731 911
-24 -4843 391
21 -9694 765
-21 9177 905
-4 7815 12
-21 9596 39
9 -5733 924
28 -988 618
-3 -10 781
-1 1475 361
-29 7315 874
-10 -6470 277
-29 -3799 457
24 -9655 140
-28 -223 152
5 -8484 445
2 -4345 961
30 6028 201
16 9446 117
23 1061 401
11 1892 261
-14 -9670 61
12 8708 262
0 -3220 5
-18 -4227 837
-19 -4270 155
18 -7564 366
-16 -7717 198
-6 -2371 271
28 8615 165
21 -349 435
25 2560 54
7 -2266 916
19 7753 259
-17 9077 712
0 -1006 331
-20 7656 51
-30 -8651 437
-9 2543 474
-1 850 386
-11 5676 891
-13 -4838 929
-8 -1631 36
13 -2712 693
24 -6544 321
4 -9972 725
-4 1418 849
-19 554 781
11 -2595 266
-28 7856 473
-3 2038 667
4 1435 7
-15 -2799 936
-30 -7488 836
13 3352 935
7 -1873 698
12 -7728 401
-3 2717 142
24 5042 104
8 3577 318
-24 -5962 544
-12 8894 361
15 9381 248
-17 -4540 206
8 2771 321
18 6585 39
-4 6653 405
-9 -6210 629
-19 -3802 862
-26 2237 257
5 1618 72
26 1635 503
2 -7701 167
-15 -8702 699
-30 -8818 721
15 -6801 425
-16 6854 991
-19 7287 41
0 -8725 917
4 -7090 876
23 1075 559
15 378 185
22 4583 361
-2 -292 993
-26 2489 159
18 3357 943
-17 -223 289
-6 -2615 417
6 4931 21
-4 4823 221
-9 -2136 153
-25 8141 513
3 -7494 106
-30 -8908 917
8 4356 336
19 -5761 755
13 7643 615
9 -386 454
-26 8231 881
-11 1456 829
-22 9158 715
23 -186 596
-10 1757 465
-20 -1329 225
5 -9991 753
9 8987 323
19 8651 696
21 2012 171
-1 -1855 267
4 8579 711
-3 8765 441
19 5684 187
-17 8099 117
25 -4482 501
-21 3272 16
-14 2230 249
7 9186 752
-10 1568 555
15 1208 705
1 -8006 975
26 4865 81
10 835 513
29 861 892
-27 -8152 631
-4 9276 85
2 6604 188
14 -6489 361
2 1982 381
15 -2658 281
23 6388 841
-7 -1631 423
-28 2652 217
7 9740 617
-24 1934 921
3 -3651 241
22 -6953 627
20 7502 83
-15 30 747
-16 -9782 945
15 1076 269
-16 6089 527
-9 -4237 136
-25 -9747 99
1 6206 98
-14 6194 461
-22 5405 924
16 -4420 611
3 9122 527
-26 -6314 176
-10 2345 701
26 9458 33
-25 5930 646
16 1944 273
12 326 793
21 1475 221
27 2073 625
-6 -7960 789
5 1958 613
-29 -6913 753
-4 2528 655
30 -9927 909
-19 -2688 309
13 9264 529
-13 6575 96
-15 1781 601
-4 633 250
6 -9347 903
-17 -3195 38
-25 -6560 931
13 9198 201
-11 -7861 131
14 5057 1
9 -2577 442
-30 -3251 729
13 2732 421
-7 -6991 65
-22 -6420 289
19 -5221 319
4 -6868 761
13 6998 17
-19 -8759 359
-23 -8713 386
25 -5634 739
4 3608 591
-2 5478 577
25 -4429 217
-7 -3747 236
18 -9967 753
26 -4921 701
-5 335 539
3 -8083 491
10 3840 271
4 6088 626
-13 -633 409
-13 -4975 239
7 6189 393
6 -8509 969
12 -8429 769
6 6713 303
-24 6116 131
12 7594 579
14 5954 431
8 62 583
30 217 981
-26 6056 341
-5 -62 9
11 -4426 289
5 -6663 865
15 9111 461
-25 7566 887
7 8164 171
4 -8419 601
28 6512 533
4 -1762 996
24 -970 668
3 -9354 181
-15 -2077 263
25 7877 767
8 -4476 536
0 1229 41
18 -10000 489
24 1879 897
-30 -1630 911
26 -6503 249
-7 -4412 313
12 -1205 306
-28 -5134 785
-19 -6832 431
-25 9951 463
-30 785 951
0 -1781 451
29 340 261
16 -8703 353
27 -800 37
-18 1051 341
-14 7036 159
6 4367 422
23 9520 551
-9 8559 395
-13 -7821 265
-11 5670 136
2 1685 481
-7 -124 16
21 8593 936
-11 1967 829
-17 -7686 153
0 9851 107
-19 4682 345
21 -7039 677
2 -2998 116
-6 4315 973
0 5258 717
-30 -9361 828
-29 1423 361
-23 2260 946
-22 -8162 413
-18 2192 303
4 5060 841
-28 8086 689
-9 3717 154
8 6195 336
6 -3337 201
-24 4070 473
-15 7253 665
-16 1994 839
21 -7171 445
12 8633 911
5 7235 201
-17 -4632 365
3 4124 201
28 -6281 257
17 -7939 697
21 -6325 773
-17 -9516 751
-15 233 401
1 9008 857
-15 -5941 726
16 4307 561
23 5669 198
12 -5084 464
-12 -7699 308
-7 -9585 291
7 -3373 974
15 3804 881
30 2885 665
27 -5562 391
-7 -8358 193
-8 -5508 21
24 2835 27
-20 -175 451
-15 -985 126
-21 704 651
-6 3761 321
-2 8973 221
1 2131 629
-29 -9715 831
19 -6097 711
-20 539 637
8 -9094 15
-27 8017 779
11 3688 926
-30 9477 793
-6 8996 561
1 -4881 702
-1 -2287 123
-30 -8934 694
23 -673 761
-7 667 499
23 6638 821
-30 2225 613
-25 -2994 283
-17 5342 283
16 -9311 461
12 828 127
-9 1526 656
-21 7455 917
8 7211 826
-30 -7276 513
-19 6163 22
-28 -5417 393
20 8145 175
21 4542 317
-15 3317 121
17 2853 865
-10 2255 377
-21 2533 461
10 -954 289
-9 4746 301
1 -4548 317
-10 -915 428
7 4013 996
-9 845 465
13 -8806 737
-3 -7857 425
8 -6515 25
-30 4081 561
24 6268 191
11 -1945 348
-9 4996 755
6 -7471 786
22 8380 591
21 4712 133
-2 -424 705
12 3936 991
22 -9967 127
0 6518 463
-20 -8091 889
12 9196 719
-10 296 601
4 -568 625
-15 -4596 6
7 -8900 751
21 -208 813
-18 -2545 945
15 -6302 625
-25 -9687 737
-22 -96 57
-20 89 107
-12 7017 620
8 6089 669
15 -6719 785
-11 3953 675
29 3607 17
3 1104 161
8 -1588 687
30 -6176 529
-4 -4909 844
-11 4207 835
9 -4219 693
-19 -5537 849
-20 5763 601
-8 9989 45
15 9800 247
11 -6109 971
1 -7940 553
1 -9298 279
-11 671 880
27 -6387 565
4 5841 811
-7 -2191 529
-23 -8912 86
-17 -7341 737
27 -7620 966
17 509 881
27 -2766 579
18 -6278 849
-30 3440 691
0 -1556 397
-6 5710 263
-24 7475 602
18 7877 565
-26 -470 889
14 -6599 313
-23 4298 150
13 9120 766
7 -7127 385
-16 9785 866
13 -5027 345
21 -6041 25
11 -9624 1
25 3448 937
-30 -2979 701
15 -1453 84
15 -7127 557
-9 7577 521
-12 41 282
30 -8479 861
23 -1123 61
9 -7291 886
12 -1618 396
-23 415 849
5 -3151 836
-30 -7732 142
8 5250 289
-25 -5180 376
-8 972 633
17 -8217 475
-2 4515 33
7 2741 200
24 4927 109
-4 -1770 273
-24 -8457 601
-1 6925 581
29 -7644 569
-30 4761 759
-23 3313 256
19 3194 663
3 6221 771
-23 -5266 9
4 6732 188
-30 -8543 41
-21 3252 514
-18 -162 637
-12 7925 439
-29 -6031 958
15 2363 17
-18 35 441
-4 102 996
24 -9715 344
-30 6675 921
2 -4946 335
24 -307 595
-28 -9388 601
