100 1000
189 2627 1
761 -8177 1
649 -5598 1
293 -6396 1
999 397 1
867 -9152 1
465 -7642 1
906 2213 1
21 -383 1
664 902 1
661 394 1
491 5891 1
652 -4334 1
11 5086 1
231 9779 1
585 -7038 1
222 4355 1
833 -6868 1
213 -5318 1
89 -9907 1
289 -3559 1
945 1073 1
166 -4972 1
551 -4957 1
861 -9419 1
185 9089 1
454 -6080 1
343 8809 1
281 -5089 1
153 2273 1
761 7210 1
472 8206 1
464 -9601 1
636 8525 1
290 7376 1
72 8725 1
321 6308 1
289 -3185 1
523 -8511 1
625 -5595 1
453 3578 1
129 -9598 1
921 8031 1
697 3299 1
662 2319 1
977 -1504 1
671 -3352 1
799 1627 1
421 9801 1
896 6507 1
1 4156 1
260 1422 1
728 2882 1
863 2678 1
819 1007 1
356 -7253 1
819 2807 1
893 -8605 1
123 6944 1
128 3474 1
544 8858 1
81 -1756 1
121 -8101 1
279 -9250 1
808 -842 1
65 9086 1
561 -1426 1
371 9550 1
461 167 1
813 -5451 1
763 542 1
721 -7682 1
211 2571 1
577 -7911 1
611 5855 1
793 5243 1
636 1308 1
769 3695 1
643 539 1
527 -5638 1
383 5570 1
761 3194 1
64 -3553 1
879 9825 1
661 2507 1
750 -9385 1
945 1334 1
36 -8215 1
819 6132 1
721 8360 1
831 6161 1
61 -208 1
860 -4633 1
765 -3925 1
105 -7932 1
627 3857 1
411 -2600 1
618 -2578 1
467 9556 1
918 -6488 1
