100 1000
20 3590 63
1 6452 18
26 -7105 26
1 -5020 17
27 -2275 20
23 -6544 46
7 9020 45
1 5057 21
11 2400 58
19 -8661 49
14 3264 73
1 3874 91
14 -9951 57
25 7773 74
27 215 1
18 2834 1
5 -2669 81
15 -4541 96
19 43 37
5 1749 9
7 -7685 7
19 4395 4
29 -9844 58
15 -9115 66
20 7742 61
21 -1322 1
11 9300 16
11 5768 1
1 1810 37
17 7349 21
21 7025 83
25 8548 61
1 -3113 60
1 7736 21
25 -2410 63
13 4621 21
2 1227 33
9 -502 97
10 9341 53
6 -2710 21
8 -4300 17
25 -5169 7
1 -6924 89
11 -9821 52
27 -1792 59
14 -2503 21
11 569 66
19 -3549 69
5 -2819 11
7 -5352 33
16 -2085 9
26 5154 2
13 -8608 73
1 6459 45
7 4045 33
3 3410 51
26 -2683 31
9 9028 81
1 8194 73
11 -6143 49
7 8688 54
1 7564 49
7 -633 13
7 5262 58
13 -9435 66
13 7109 86
1 1278 45
7 5576 80
1 -1531 26
17 -9026 55
19 6377 90
27 5223 65
29 -3653 71
16 -4628 49
9 -5754 99
19 2646 81
21 2812 35
19 4511 13
1 -1716 73
22 -3271 37
9 8314 81
23 7046 1
13 -7578 17
20 3748 17
13 -1251 33
1 -7168 67
25 -994 21
1 6889 57
1 1593 56
13 -56 13
28 7149 53
7 -4733 91
1 -3066 41
13 -8734 25
13 -4763 41
24 2252 55
7 -6814 81
21 7501 78
27 5845 25
7 2285 51
