100 1000
-25 3278 39
13 -5587 21
-4 -7737 65
-30 7171 1
7 5477 35
27 -3526 57
17 -7276 88
-14 -2763 49
-27 -132 43
5 7355 9
17 8492 19
-7 -7150 18
6 -7511 21
-30 -8686 41
-3 9380 49
19 -3346 98
-15 -5158 61
-13 7789 29
-8 1505 98
17 7155 65
15 7135 67
-30 3896 29
-11 6438 37
-5 -4688 85
16 9272 34
-12 -5663 91
-7 -8923 67
-3 1689 6
6 -3052 26
2 5198 6
-2 -436 63
9 8103 81
6 9717 95
-16 -5161 92
30 9152 91
8 -5690 71
13 1058 1
-20 4095 97
3 -5791 71
1 8660 39
12 4270 51
-30 -7939 69
15 4085 5
-27 -1744 51
-29 5366 31
-16 -4518 61
13 5274 48
-22 -3370 81
27 9521 11
18 8799 6
-26 3773 81
-12 9772 9
17 6722 65
5 4280 3
-12 2179 65
6 86 45
-29 -2656 31
-16 -7939 76
9 -846 77
3 -7867 1
-17 7041 73
27 11 17
7 -4696 65
-20 -7309 25
11 6764 41
-2 -8570 61
-21 -2175 38
17 6150 11
7 8434 32
6 -3544 4
-16 -4478 53
18 -7097 4
-24 440 18
-30 -4080 13
-11 8163 41
13 2111 77
10 1298 55
-19 5936 53
-1 -1150 31
8 -2328 73
0 -7407 82
-25 5529 21
-22 -1935 51
-23 1607 74
10 -5824 1
26 3164 87
0 -9301 1
30 8410 97
-13 -223 12
-25 7175 93
2 851 9
1 -3574 16
-1 3782 13
26 -1810 91
26 7822 21
-17 6343 51
30 -9301 51
4 -8545 21
-19 5020 40
17 -7801 9
