100 1000
935 -2081 1
281 -9738 1
25 305 1
993 -5742 1
221 -8443 1
676 3145 1
906 7331 1
251 -891 1
781 -2806 1
109 1538 1
801 1850 1
270 3058 1
405 -8710 1
831 -8884 1
421 -2567 1
651 -5470 1
177 -7226 1
501 5559 1
302 -6000 1
87 -9035 1
858 -2565 1
421 -2098 1
520 3798 1
980 -4601 1
437 -2196 1
449 1673 1
285 -7219 1
40 -3192 1
501 -631 1
225 -6512 1
540 -1230 1
98 1718 1
723 1300 1
259 104 1
331 7451 1
828 -7687 1
677 7702 1
456 4575 1
451 5660 1
791 4530 1
76 1545 1
246 -4039 1
57 -4084 1
933 6088 1
481 -6110 1
548 -1984 1
451 1128 1
11 -3877 1
652 6659 1
497 3801 1
957 5717 1
209 6746 1
277 6992 1
117 3590 1
705 9156 1
913 2413 1
912 8418 1
71 -7858 1
985 6927 1
570 -9550 1
772 -2716 1
256 -3127 1
968 6630 1
133 3143 1
358 6574 1
226 2875 1
981 4385 1
797 -3981 1
777 -3478 1
351 9100 1
181 9404 1
349 3302 1
365 -7132 1
213 4737 1
485 1450 1
631 -8191 1
906 -1641 1
833 1662 1
372 19 1
721 3606 1
17 -4471 1
321 789 1
391 -6029 1
756 -74 1
296 8135 1
505 -5300 1
541 4102 1
967 3236 1
566 1031 1
113 -6952 1
982 3567 1
537 7013 1
581 -2262 1
53 1043 1
41 -713 1
41 -7131 1
752 8130 1
631 7649 1
250 -5527 1
196 4831 1
