100 1000
3 -4246 1
2 -3931 5
2 2876 585
1 -3349 496
3 -1016 734
1 18 343
3 4016 976
1 2261 701
3 2197 339
1 6722 968
2 -2272 195
1 8758 391
3 1694 753
1 1058 322
2 1026 301
2 -1579 961
1 3620 459
1 4061 317
3 -9541 753
1 7240 585
1 7740 412
1 -7759 729
1 -6755 677
3 9445 95
1 2425 101
2 4487 318
2 -9571 171
3 8024 18
3 -6018 639
2 -4447 254
1 -5917 983
3 -1427 375
1 -6658 871
1 6473 705
3 -3325 103
1 -5773 306
3 -5588 691
3 -6287 61
3 -7888 743
2 9062 1
3 -8282 526
1 2879 973
3 6377 233
1 7558 911
2 4051 141
3 1478 786
3 6341 922
2 -8294 283
2 -7731 745
3 -1692 689
1 8153 584
1 -2995 709
3 -1184 254
1 2673 321
3 932 674
3 2741 181
1 -4066 915
1 7007 688
3 -3726 721
1 2645 121
1 -6316 773
1 7452 221
1 -3391 641
3 7348 809
3 -2201 930
1 9100 989
2 -5844 589
3 1718 33
1 887 65
1 8411 759
1 6547 687
1 5901 557
3 5177 255
3 9776 101
3 -1387 983
2 -328 97
1 -3802 7
2 5686 76
2 9293 21
1 8834 846
2 6923 83
1 8531 654
1 9761 186
2 -1830 291
1 -8035 588
2 -2479 977
2 -2018 220
1 8758 785
3 -6981 289
1 8795 481
2 -1888 321
1 1864 505
1 -5371 426
1 7989 301
1 6537 319
3 8194 386
3 8207 997
1 -555 801
3 -8809 160
1 296 386
