100 1000
-694 -9523 1
822 -7975 1
395 -2902 1
725 -8748 1
-391 611 1
-271 3054 1
-872 -5571 1
-208 2206 1
-484 -7198 1
-783 1354 1
323 8474 1
689 -6941 1
392 8204 1
31 3914 1
578 5254 1
576 5084 1
527 -4423 1
831 8638 1
-159 -6496 1
-190 -8418 1
730 122 1
167 -1534 1
-915 -7840 1
289 -3082 1
-853 -3175 1
27 -6245 1
560 -2621 1
-868 -1666 1
-354 662 1
602 -4435 1
-632 -8716 1
-586 -1908 1
633 -4810 1
-922 -1388 1
952 1554 1
-514 -1672 1
-112 2441 1
-368 5533 1
370 -9238 1
-181 -7789 1
422 -41 1
731 -4267 1
-479 9092 1
-200 -9331 1
638 -3681 1
766 6538 1
-511 -6321 1
-850 4211 1
-868 1931 1
-504 -7609 1
927 -7084 1
-145 -7605 1
-899 -5299 1
846 8784 1
-520 -2396 1
788 7565 1
607 -1103 1
840 -2683 1
817 1202 1
-260 6056 1
845 1311 1
587 -4458 1
645 -7114 1
-991 941 1
-262 3384 1
167 9629 1
608 2133 1
-361 5434 1
-79 5378 1
578 9595 1
-788 -5506 1
651 8028 1
439 -7982 1
318 -9916 1
-351 -4131 1
-277 9679 1
14 -1300 1
766 -6985 1
944 -7631 1
611 -2122 1
233 8030 1
265 -5010 1
282 -3064 1
914 -5680 1
-211 7854 1
-22 -2297 1
-502 -6110 1
-635 845 1
458 -3609 1
-877 -60 1
-995 -5455 1
106 -817 1
-396 412 1
-582 1489 1
-307 -973 1
-682 -3124 1
170 -2126 1
-715 6413 1
743 9730 1
257 3352 1
