1000
16848908 73552156
41627292 70099212
35531729 55749616
3023956 49380287
92995039 57377778
45546342 25561257
47536777 71788247
63450828 59001829
16474217 44043950
15606800 52594580
65731158 52747608
72628645 99968120
89216636 51288666
42373814 27480249
976108 48531049
69294690 69154229
78478927 82450587
95487484 79033581
34069132 81805565
53830398 36731488
27450247 59347851
1795234 10041203
2592827 12653261
32411491 73563948
16071655 62776314
33270775 14062842
91699701 23958714
97075681 37747836
84378095 45393976
25820237 40948898
48785053 40532055
93905379 94613065
63613519 89931902
84868581 89684765
46508876 40704540
74151548 12764498
76926588 38178409
8317868 71211873
38767369 15805151
99075361 56828433
91737405 21102754
3312728 79813454
11523194 58273166
40893073 1221963
75541026 1985461
14421939 35859025
1363989 14077296
57048959 1226053
74353399 43611750
91786651 87997026
18812802 87505127
77210228 47154646
87251366 3046841
75733735 5571265
46064471 3150578
15705041 69255557
36064178 50329079
1599613 45019677
37538481 55365616
17344437 895798
95199635 29583986
1612676 29896895
48118429 65647464
80424560 84244713
5398735 7377741
65493677 68306313
10345501 14167722
72653564 44302309
85987837 40448005
32291610 71241556
1451201 31963178
2315466 31161071
43388685 26797176
65689185 39655061
97491376 50292124
93931129 29637195
67597941 19153148
39002085 67411320
69221085 93052660
97264092 89543995
6779076 55585758
2535518 32770574
42373764 43310992
90235287 83196200
24067049 32860763
46139019 25496744
91593096 29527591
44932834 11735892
92694842 75289319
60818957 63246729
19318767 55021917
2663307 42664034
28515100 3453887
5768196 25500436
4220964 1973516
32378845 83260099
49837785 41479771
55506630 97125999
6278165 21791460
56079934 37386277
26750836 86809325
62953209 1945353
98160037 74914688
6943857 69851442
77404563 10026804
97044812 97918127
58866393 28204066
3054653 68408671
80482770 88113822
75695677 46516344
11397246 40289286
29988701 32664159
87583220 89650863
49000216 96478325
2664531 81631936
15682464 97889009
29120483 69283628
5236808 11952982
32198595 16281854
13115457 75755925
66271976 84598443
32049947 67279177
79697462 881131
20245444 84635389
27411255 37785190
30508835 83201712
16019581 50095076
71606873 28536576
37098485 94413515
28162818 64608580
99221772 9783618
20420600 88212124
86947222 52788657
56664770 10437914
34190083 60350400
20421705 3901763
98202106 59696491
35100436 17159359
4605042 68138324
84222508 91240747
9586601 8411979
37292916 5656798
33989550 55301041
83336647 13096137
28248959 19791577
25205846 15722766
24964029 34644608
79089118 54737794
29471690 23875668
44347235 14595248
91426049 30793770
11350964 25120889
43440790 58906999
83005979 65035626
6246470 98930427
40369926 77203296
10158153 86619830
44693287 60718483
73572978 22558928
32600045 85989075
69695054 18874580
42272595 81033920
32326598 8055225
67689155 36869164
57674400 83579765
66450149 26959100
55499394 48756308
55008989 50296886
3577767 86382219
70008324 43157532
25029438 7673548
49178463 93936717
57471744 70819685
57628352 69265641
99116461 62179267
28483528 46871498
15338489 9202474
31366932 27999376
47151928 12612244
81187375 72170783
44293948 61104024
38620802 5285243
56704549 1874726
58959717 3130150
98403777 78700272
66026154 34242287
6736906 86848181
40290058 60252946
7075772 99142730
81811038 85361775
94211569 45063168
98053586 34560712
59779737 74812136
90531259 29502173
50634398 37224032
76496311 91253482
10381389 83134196
45355662 40567407
52731526 37428378
85174682 94990850
55924600 31382102
84519354 40647357
10142967 62795093
38883998 54997890
92833156 48157266
55598635 3091376
6034508 16960772
72078932 63428442
39733083 8145266
24391655 80706249
6276112 97220290
94324120 23153936
54970183 48437668
46927597 44098061
46764673 62746980
22704024 75825509
95940071 34711740
92902671 22052066
57915026 40969215
58464774 26590726
30987123 26907366
41671528 50112458
43067172 92281077
82560451 71560971
99102202 80512677
13055905 55604191
94231026 47916958
35451683 57271687
23188252 34872324
50350814 64264148
34274087 26483380
46592869 7618944
72621609 74561272
36259789 56712114
8787999 84775051
14578577 37913567
21778322 27192493
49009364 91873478
53065461 96605238
27497462 73440468
32169808 44154299
60716784 63122782
63229519 6001369
52059006 41988669
75887308 89908415
13400054 93027350
44395369 45572683
78928432 13416092
1660152 32371255
23224196 9757049
20821095 16657208
96781737 43808430
83839395 28338934
59075086 93937240
93788425 3691942
44549866 7008057
62845593 26149599
1633383 60644677
81720955 33919974
71703042 68982018
29213456 13634770
90119478 60907360
97174918 8150837
44640024 76362962
48425653 99487360
44159644 12745042
22239109 72411512
46802744 20996833
67274484 12552383
8060860 44148709
30250772 90735279
34445298 64456020
78573104 65035583
19809405 56780111
86484454 77026144
72866418 11272035
19948443 20812051
12847182 93561983
3619859 3216296
42559271 66035091
9918511 72871736
1246218 80032472
47021832 20243154
67749311 68421936
35921872 16629908
99682566 22020234
96536987 55408630
72103329 84409543
61612792 77920582
10264513 75653913
44019553 80479431
78900650 36734020
40098589 45721117
34053034 21369533
98493850 29313205
89819532 52318150
29566844 18248336
67589698 48631345
72277711 12569276
81671776 5329641
95496476 57972190
87423454 44407244
83519941 52843500
92424450 68345187
69585469 62054306
78085621 2672958
27232060 70055180
63806000 19237043
59533960 52850751
66584102 95183060
91398592 71391613
66596391 32986267
87977250 24240352
60116523 28663385
73253304 58143108
77058648 65183659
70096622 50379782
27202356 85092139
14806070 61223915
32123754 26962621
97224118 57282019
35506967 55657921
19332034 10468591
4908122 73984712
68229675 66591540
13496289 32226428
66312758 39089736
26930058 98757285
15165524 85547726
37876556 37776986
13993028 7693658
55750365 50308522
55913107 47445003
28371715 25830023
23116799 32002715
9222176 28718290
3158219 54051264
39459480 23999093
31749098 9531212
52234062 31512695
86332871 84951352
96455137 76719897
24710225 85771512
15001677 65227715
69195310 36843119
42752642 83852973
65020650 1257862
90032610 30341879
24097862 74425215
70292203 1500080
50693773 5073206
37005131 33288793
59112991 55878105
75975264 3680047
84866519 62784382
91881049 1940233
8467458 69605243
89072069 96596146
10825784 93068451
37022522 33328895
73717306 59343649
32464715 4769089
51098441 4487961
76529244 50384947
16290935 49421794
64670254 49513478
88226068 30186213
92320205 53193196
76101198 47072243
60461816 16368392
55923237 70340505
56704866 89345158
2833473 75112787
3950681 7159643
96247263 16262795
90215812 4573025
14433327 85729584
15341647 45497400
90255747 35956685
40602249 72206039
67451437 31146525
68327049 6577070
86705776 69398389
51647151 99036757
16100432 17297556
93477141 68378934
85591532 4161781
88402354 80722621
19966953 96489093
20534359 82768168
37716612 53499901
22474707 99372200
96249326 80822573
16233492 11260723
50118486 59839940
18722923 30458024
99256640 4651722
11371449 25850071
57988627 22472942
52712318 5589739
38938442 87237887
474358 87337156
75113907 60034563
294026 28606160
34866042 94495382
79738412 31669299
72254020 828715
60970744 24104642
82716212 61480825
72277729 96479299
78625225 26631920
83780015 35466783
31052612 25453332
62875287 9601274
57511765 18896579
91053674 83165439
33655769 29402699
6170547 1573767
38104753 12564216
79711646 48361494
39520019 36213866
88743372 43585083
17960843 12337918
57070281 28941007
27415491 79644303
51747458 73671093
78662244 50577374
68552196 64930665
61075124 46930956
81051232 12848959
59717306 34119326
94521821 13762333
26056508 99802659
56721060 85658931
48230023 83318039
69490186 69989219
88287868 11208018
2233401 18636569
96929131 39355490
35728329 79168290
20119451 66996119
53971685 9573727
76451219 57650724
38462111 93824791
71884224 37093555
10369064 58269107
82777603 3919767
41263758 15015155
30904256 15024322
79460987 55640603
50690727 4548322
14780299 55790124
75304576 7608615
33625959 10223965
62691066 82643590
26656515 63536031
65787508 66618171
10143647 4164297
44907300 63159083
14775238 79860459
79171193 40074876
74047195 69900068
82823683 49065413
8537023 39485587
99310912 67285908
17764228 31975095
89523603 53548472
74987950 11760999
52695806 57187233
18400219 11167499
13427617 50592653
60738077 47761982
15286179 25882325
58449600 26422552
90789259 82342659
10923208 17720119
47321891 13812594
69076725 12057332
29411231 20658340
58951182 44635643
19064706 89665670
72296042 15866006
91794853 91966171
93481463 96199402
62742130 70730002
86342210 91349611
45984560 58441100
68586908 95825591
97198337 37779440
85193173 297857
57183988 10553139
7074925 14529293
56142519 15651624
20819845 8373988
40728526 73058209
24642547 17251628
53436056 84456270
78525875 70846268
95452558 39632464
93950589 14103210
2352347 52628392
9287569 74660229
75907641 98825877
21155762 66655002
92266794 74279341
10162289 18844417
90795610 38152276
36776912 9030300
19748803 96153194
82050588 64575997
77580867 14643516
94415235 93418057
29096850 86987503
40096714 55425438
96261525 24287864
25428964 63749473
34919400 12994941
89522658 50469425
33645396 44014527
65751787 46508650
25894657 19917998
96834985 69028121
30190487 27858550
43745038 65369059
23033963 37221366
78855598 239498
25882557 59503489
92962143 48802786
35161930 33969837
60816926 52611012
6076344 26751574
54110778 95329387
81567339 88384081
9536400 13343954
73531999 89911972
4873462 95737909
66681595 66189059
58149517 28095038
17912830 70525873
76550713 3282259
27843526 42501274
71260713 6350700
80184732 74627922
81750432 84175640
32690993 38480484
54339297 22640434
21061509 10124672
6796524 51021417
26570838 99789877
38678348 23072416
34266973 64167354
79136350 89924719
12071956 91276440
47428470 55482820
49335151 91898631
49769120 61985102
24423337 5710180
33078115 41684974
98895214 82401434
30175096 76109631
60619364 25267957
14692438 22711481
92374519 18619176
59793081 77297458
38569921 59963814
1751259 85818511
23994128 25298557
12869727 79318336
85434625 96179869
36373465 20050713
79360529 65279431
57872054 98371745
89740903 95934169
18347937 14538926
75920930 31521950
29877032 18203377
83472789 4498247
39590862 59498417
63070758 14215372
39097111 29063261
80917923 57095559
75580926 5061472
77052461 44208083
66670147 28120822
78603658 38398521
77350485 82089254
86174317 78234439
47965887 31656496
8554531 72070956
65311332 64915212
11213952 89618681
43203571 43008989
68790908 94548190
14965751 61892553
5607471 19088106
22980518 95743568
53481189 24295561
18076788 18597636
1895455 14069953
23720711 78988567
11965362 68796903
55729903 65185621
532499 56485754
95646080 36665523
25600940 93996269
90029499 66931607
15619976 54766624
52295351 30591652
98170366 60663260
55423664 72441763
59934214 60580339
48914200 4827974
95302119 89314112
25312160 15776962
46828305 24939644
34188036 431969
66377445 40376804
88977915 82451252
18105437 36121134
16048191 76706567
28299192 12573448
51558228 85002531
24418254 70214530
44692263 30825140
42007409 24099056
59992941 47711220
48114377 6717688
76472899 99705503
59644613 28284041
89374097 37553227
98444575 64502597
59243249 83408087
74021301 69420392
72228252 4122442
80810469 96314992
25003985 56865660
34240512 70191911
94172604 96776801
80245263 91510535
56266577 82755799
23842726 77963491
5035055 49702345
30201715 63505328
38897509 26141866
7296931 61361088
6610157 40251496
66721485 53135852
23289779 49936395
76536344 12035848
99794400 82033952
91888026 93393410
57987629 95699006
90785049 37669566
59567659 87943761
74079664 33064068
9776216 96848035
10242135 2771814
44980018 7588773
25229240 17453793
10069060 50377787
4185135 26753250
9008177 22348016
77723238 19437186
82698818 30134007
62816970 12979020
38453919 32337456
55134856 62747059
6261800 18450572
34910 47276151
60939786 33648336
41054868 27185242
9989023 91032376
20325305 29291083
53159750 10507030
61660829 77126520
63308399 4331225
24534800 64397662
63059567 65216832
22296321 98900670
15935471 5433049
95588755 11941730
29244192 16688959
66569885 73915256
36673329 95117849
26307340 636762
18380712 83403908
81921652 79761195
52851579 21676097
98350469 70647738
929004 90647153
64373432 92328053
47834959 2897283
22789072 36873333
65196783 27377890
58395326 68870034
13873245 60909441
82809424 69921087
31067093 53484590
63628813 78034139
35716042 94605989
63349359 74061624
7127272 18959710
62745199 13274321
33686358 41303070
18390127 45406264
54930170 94524054
36469709 30230615
47067988 81244971
34368273 34381882
9271362 42285113
1923075 9408292
46622394 55891811
72097536 83347317
75253151 19583705
4352109 45524947
19858209 26108160
16638945 14393658
13734963 39808680
43082509 59635684
83044942 67003189
91079984 83134736
10164229 13560159
83389988 70538989
4641863 30384787
81353114 35798717
56700612 27893462
89135550 67078918
66611745 40785409
46719689 19683114
19099633 78184159
92418502 69556568
6153438 48615364
96796992 64658844
78843334 1131887
6279415 58334140
23221337 63499042
29422344 2012603
9635912 53756960
31033099 13112062
91755077 29363419
3722259 94075535
40046219 5597459
29026095 36232735
89611521 14199528
50489032 26952953
59168405 23367866
11921362 66222905
74994051 33858232
93022720 6113575
69005936 94621409
87453065 96584325
79607177 96576133
99066224 61020541
48821904 30185085
92143088 9047708
80603669 25959577
53909248 40456829
290961 71368977
4079823 96210013
23185301 7723401
46285598 66337209
3836934 548614
37109630 88312598
30783269 94184015
35856181 75141950
21468066 92976262
22165590 95792181
32303878 76408672
64770649 40620734
28485383 30358163
29091811 24051335
80556652 44340182
51717827 80629073
36591578 15558821
98600232 63913224
13568051 79549087
61552298 73032516
52433613 47709709
28389228 70482235
54147800 53325281
55114400 3352266
79415813 41358820
49592168 33524845
71420610 82765485
16741283 14286000
29351689 73063160
81713676 30161529
86044 43250188
16340052 77737740
20283329 76777274
51568323 62444447
20712524 53468133
39368488 49360842
32018203 66164631
91102475 21206795
95225156 44538403
52283123 61008762
47493847 23277174
2966612 45099113
1694727 83028210
51314534 43081855
26277772 77080247
2442319 39984184
14866467 79548613
88500654 18832596
30870429 77576081
91593114 21369657
63971853 96543806
56505881 87321221
24864751 45161425
2890793 7598906
60985085 42647730
98113950 19380420
52523654 1072538
45241103 55297514
70022737 15703767
77817383 57722763
71184910 7016272
924784 45041230
83410510 84298533
22364043 2097072
9831301 98938447
56592071 96821977
96954769 55102977
43430709 4977949
41241234 87227038
2829366 28738070
52746933 48717317
66777682 25847834
30915368 21481612
27231119 91506439
13280205 90703051
15544406 54303203
4996023 19460904
98688441 92172396
37434345 2992550
85197406 43818072
14468038 80801632
3092565 45999100
21148635 25858199
66881276 50882549
66950906 83764901
65877661 30855239
41260693 88608409
38835980 11199337
19186632 61781396
22026166 60642202
26302423 4013777
98341253 2933649
21873635 79868241
44242744 38926430
27878371 21831303
42111840 73130334
52887272 11171670
67863168 17487609
97492469 62363925
64745178 78597468
31661932 84096160
28681044 83828065
12332955 28601962
31215366 39163511
41186100 70384350
18834312 99206843
27634474 81201484
84706784 85462265
96343485 43817138
39613292 37450330
94898605 18071193
17810425 5720874
76221053 77700984
41097172 54164888
28953556 70631134
34376530 6943622
79503926 62273484
32283405 98410525
76205495 9315141
36490089 89580148
59046542 30286020
26389270 2567562
33688537 88136878
35330899 1611655
37879473 39306769
36826082 68479382
57541139 60160911
78127529 44530251
2874570 25074334
870447 39948344
91840097 78037224
36009794 12574548
55970527 94352572
91627993 70511881
21651343 34974239
12094548 6110003
46566195 60957562
64846535 80586916
59093708 48450153
75932179 58195430
40238891 5501723
68518541 50880500
22141848 28445929
51400412 91394332
90734991 9871214
23198496 49067435
70233688 57066512
85638610 30101646
30555924 29310096
9315360 68177812
50051888 4030240
80545304 63438135
66539013 11488640
65026590 54658101
44499621 44276278
28782526 64407962
969780 62807929
51883692 31607859
89110794 31838959
41109352 42316226
20099193 4341141
9970756 6076164
67973637 28999850
30477207 57782613
1729574 10358499
22152299 74323669
97305857 94798378
66783806 53429153
61857396 15704821
91656605 21666441
25446184 40072673
90077676 62567335
19846218 98771621
45738638 14448852
70673140 60476250
72635802 37248701
12277880 79691598
18642909 40045573
40853141 94635723
49362566 20034729
24731592 74513602
90925683 76152162
11005874 48739842
32654088 5336949
4101012 49864608
11313167 44774456
32910143 65699087
3135682 68737496
99127575 85417776
91849103 47591951
62038624 50150827
2658391 9314670
28315417 90423437
57421336 24362217
89383499 18341048
26540988 1378153
72240669 30654535
80605655 28368989
51978908 96144489
77792646 77625184
9147288 44358618
81900056 81735828
72212010 79260896
60529309 73652113
78897690 96372257
77068905 6970170
63361548 72446236
73671286 88234180
83910130 23217391
15222713 45022671
36882239 79209334
60327449 92922616
46304915 36087377
97341741 33609295
70469340 5365958
47921993 63635366
29111230 62898163
12479603 56147801
78271020 1874778
27095013 18453707
76551799 68229036
55909950 67377926
77099414 17052973
35739641 72207658
6288583 35918376
42584849 75600145
24395764 85895521
65940193 53683085
91443505 12109560
37104592 77362898
50417283 95966826
83058204 64020407
27483947 8335164
24868740 42032644
54137558 80269136
13179982 50905044
45562602 89106120
7831464 57199679
47447784 71101371
75029056 22757113
98629106 41138175
3396661 91505247
75007615 61256550
