5
120
489 487 487 488 490 804 803 803 736 735 735 737 738 737 737 736 736 735 735 735 735 739 737 737 737 737 82 82 79 79 80 78 78 79 79 78 78 82 83 82 80 80 81 969 965 965 963 963 962 962 963 963 963 961 961 962 963 966 966 968 969 969 251 425 424 424 424 422 422 423 421 421 420 420 420 420 422 422 424 970 970 971 972 970 969 967 967 965 965 966 966 966 969 969 969 969 971 971 228 228 303 302 301 301 631 60 59 58 58 61 61 61 897 1 1 2 913 913 424 424
127
874 873 873 872 872 871 871 872 872 872 873 875 873 873 874 156 155 155 154 154 155 155 155 156 156 155 155 155 155 743 742 742 742 742 743 137 137 546 545 545 543 543 544 545 543 543 543 543 544 544 548 244 243 243 242 242 243 244 245 245 246 245 245 448 448 447 447 448 936 936 937 938 935 934 934 936 935 935 935 935 938 938 938 935 935 936 937 938 190 190 191 189 188 187 187 189 188 187 187 191 190 190 190 190 191 190 190 620 620 402 399 399 400 399 395 395 396 397 396 396 397 400 402 402 701 823 823
121
475 474 474 473 473 474 474 474 950 946 946 945 945 945 945 946 946 945 945 945 945 948 947 946 946 542 541 540 540 540 540 541 542 544 543 543 541 541 542 542 542 544 543 541 541 542 545 722 721 721 723 722 722 720 720 721 722 231 230 230 230 230 229 229 228 228 228 228 231 229 229 230 230 229 229 231 682 682 362 361 361 363 361 359 359 360 361 361 360 360 361 360 360 359 359 360 973 973 972 972 972 971 971 975 322 321 320 320 321 321 322 322 322 321 320 320 321 321 857 857 888
119
594 594 595 594 593 592 592 594 594 595 593 593 593 593 594 593 593 595 366 365 365 366 365 365 366 366 367 366 365 365 367 367 367 976 976 467 467 467 467 468 465 465 466 467 468 468 469 304 303 303 304 303 303 305 305 306 305 304 304 305 305 306 306 305 305 714 712 712 713 713 710 710 709 708 708 710 710 709 709 709 709 710 713 712 712 617 72 72 73 72 72 71 71 70 70 71 709 709 708 708 708 708 709 708 708 707 707 708 709 711 709 709 710 982 982 983 983 983 163
126
229 228 228 229 227 227 228 230 228 228 229 927 926 925 924 923 923 926 926 925 924 924 926 929 929 928 928 726 726 970 970 970 969 969 968 968 969 970 970 966 966 967 967 967 969 971 971 971 971 451 449 449 449 448 447 447 449 449 450 451 396 396 397 398 399 398 397 397 397 396 396 398 463 463 462 460 460 460 460 460 460 460 460 460 459 459 460 460 450 450 449 449 450 509 506 506 507 505 505 505 505 504 504 505 504 504 505 790 790 789 787 787 788 788 788 789 791 789 789 788 788 788 788 741 741 742
