5
124
634 634 634 633 633 635 635 523 522 519 519 519 519 521 505 505 504 504 505 295 292 292 293 294 295 295 295 295 295 295 294 293 292 291 291 295 295 294 294 296 296 361 361 359 358 358 357 357 356 356 357 359 361 916 916 916 915 915 916 916 913 913 914 915 915 915 918 918 438 438 439 436 436 436 436 436 436 437 436 434 434 433 433 434 436 436 436 436 437 330 330 331 332 329 328 328 330 331 331 329 329 330 428 428 429 429 428 426 425 425 427 260 301 300 300 301 298 298 299 299 299 303 304 799
116
124 676 676 677 677 677 679 678 678 679 679 678 678 678 678 679 491 491 491 491 492 492 493 492 492 674 671 671 672 670 668 668 668 668 670 670 672 339 339 337 337 336 336 337 337 337 335 335 335 335 336 336 339 339 339 339 718 718 610 779 779 779 779 780 779 779 157 157 155 155 155 155 154 152 152 151 151 152 154 154 156 543 543 542 542 543 545 623 623 623 623 623 623 623 623 623 622 622 624 623 622 622 624 417 417 417 416 416 697 694 694 695 696 114 114 793
116
574 574 573 572 572 573 573 573 573 574 573 573 572 572 573 573 573 572 572 573 572 572 573 571 570 569 569 572 573 576 578 576 576 577 576 576 576 574 574 575 572 571 571 573 571 570 570 570 570 571 572 571 570 570 575 571 571 572 573 571 571 570 570 570 570 571 571 570 568 567 567 569 570 570 573 572 572 573 573 575 574 574 574 573 571 571 572 573 573 574 574 574 575 573 571 571 572 573 572 572 574 573 573 577 578 574 573 573 574 574 575 573 573 574 576 576
123
311 311 311 311 311 311 312 314 314 312 312 313 316 312 312 312 312 314 311 311 312 311 311 312 313 312 311 311 314 314 314 314 309 309 309 308 308 311 311 311 312 312 309 309 308 308 304 303 303 305 305 303 303 304 305 305 303 303 304 305 307 307 310 309 308 308 307 306 306 308 307 307 308 309 307 307 308 310 309 309 309 309 310 311 312 314 314 313 311 310 309 309 312 313 310 307 307 308 309 310 310 310 309 309 310 310 313 313 314 316 316 318 316 312 312 313 312 312 313 314 314 316 316
125
935 932 932 933 934 32 32 31 31 30 30 31 34 166 165 164 164 167 550 549 549 547 547 547 547 549 549 546 546 546 546 548 538 538 539 539 538 536 535 535 537 725 725 726 727 727 724 724 725 726 728 728 727 727 728 728 726 726 727 253 251 251 252 253 249 248 248 250 251 251 249 249 250 253 252 252 253 253 255 255 939 938 938 938 938 939 938 938 937 937 938 940 940 940 941 229 228 227 227 227 226 226 228 228 228 34 34 35 34 34 35 655 655 656 657 790 790 790 790 928 193 192 192 262 138
