500
76589860 97153812

37905651 37110043

92425753 96726958

30839828 42892641

13982541 65485052

51003819 28935583

2464741 37856640

40152068 18904580

60253498 37019996

63914430 80467897

98547725 9611657

97749072 47663485

60784430 25575694

27315760 51938677

21537451 47003791

55614917 71403648

16401543 42164371

84154585 8602203

7760704 94099263

75446775 36318479

92341463 65219826

10401124 51943777

33170433 26165529

88079191 6033113

86992050 77945773

58874674 62032053

57144631 34658777

65243394 5010120

23366013 14223794

58380689 74638584

53261812 65511669

6730005 19415301

44577201 43417741

51559415 69838950

83804023 33566202

50952642 90966926

5509272 4608536

19776331 12314172

28135596 87430265

89230080 12587559

30260452 57338209

41034288 35496301

43792897 17183199

38524936 96651233

90815317 39860592

64501101 32858447

77429052 96818064

58796293 72970443

16788679 32508245

23796868 47956329

34050613 21554816

8629040 88991830

98769463 79396895

79207558 68423776

46764447 56869106

88154642 73504891

86012449 90751802

39882662 63372426

36457681 18274569

64746324 69852079

50361407 49493242

38516322 27370968

39934388 79570995

3036158 53530983

35181689 55976267

9903367 20037028

70550183 32015647

65123120 39415948

70872928 34945335

5739810 1247878

32415900 4811385

62788883 95572920

23308436 98566947

83840330 53493968

53736958 16309724

77138805 74190043

38742212 72026016

98960985 85232574

93179620 78123043

39437316 58222829

74922116 94382876

12692670 38359384

15851658 26300705

41539694 8456726

6033552 49392951

78164836 31406356

97521298 72703033

89086805 61531182

97759989 38259023

6003518 35987916

28246538 53149869

84541662 55209098

75694463 68024252

17623780 93818830

53416864 75639925

24536293 51796212

34445699 23884092

77842269 74634327

27606027 34893959

10462355 10537491

23038103 80235551

3158330 54421867

67411436 79067249

12175022 69761085

627660 6914665

81028953 44510398

71363946 47910259

64888258 80527467

96062997 354920

58916747 37742045

34355763 14330247

44301378 80789572

70792045 69719292

54638077 8127096

99308645 88973308

6408643 75301816

23882479 84211805

39084642 36984074

79787165 28054995

89154430 44019897

73858351 84041751

63866737 98907136

26228740 90913564

68515788 31130892

91907965 46328102

50131984 17349144

86782705 25062888

20081352 66488352

15176026 23004434

16333523 9860660

91590339 33971653

10248339 45557965

74390690 47973631

25420474 7133621

78493991 55018829

18389209 68143336

89358058 46914791

21688980 60907703

25000161 27487736

48285594 68207824

25796240 75073606

11565920 9024924

77264180 10927566

94110397 27785683

93039149 32714162

89272874 23738774

85695150 1161905

63707065 69443585

49186937 40645814

87661114 60484692

45306472 27285985

85240045 95318789

41742882 79542348

77489813 42638465

1814392 69366009

6837924 67086565

99666487 39348503

77519146 70727904

93993120 48942329

67439514 52820300

31115493 56031286

98647708 64658460

54072284 9160088

59152276 83328966

47305118 13156944

46449277 74806202

13218604 83847056

2688790 66730235

12003478 3495446

77011218 73050138

69396135 85772274

59297669 41395692

71739871 11312601

52529715 39363913

61600560 94434196

40213040 52934967

4732195 5297567

69843207 82832316

7155996 25427367

71410128 64612500

16821383 21840378

48956543 41106587

83470144 36437334

50889213 74631255

95003832 90325916

99738695 7190931

5961520 54248821

5878212 73894847

3871495 74857598

5639011 96426887

74017232 1680082

50488309 58590394

31853182 16051676

62091721 75110623

15722835 52683935

16584547 14706249

43904423 62075106

70592305 90784884

72222400 95680458

2588615 82350979

50989029 20836737

9677463 80583596

55726876 38742307

29624014 21025220

85365061 62080252

99794545 26411463

47674250 87677020

75980105 89351094

92547725 55484619

73375542 40298657

33063003 34647501

68762067 9420353

66449677 6201877

84094294 11725373

25800368 52055320

37903965 54790363

65126167 75791391

60454387 54802591

9672895 43042166

25156849 70198372

46504419 74755008

4532574 62905366

72178020 63551624

14751891 92049489

76289012 55529663

12687550 37140781

92274323 7546433

6068206 62738543

63714812 64209979

27072216 10897005

74482335 3541730

69419783 18446723

65203012 20776367

98306665 30555434

61455156 78085140

69385204 6101563

8673548 19927533

136086 84124612

15488723 87567474

60031750 6146597

95777810 74787726

19150178 81414146

89502918 22369787

37339739 54806580

46906975 47795417

62245740 50947309

66334649 58438673

68844415 9637494

23247424 58231110

6814528 97376063

42448403 5648783

4551638 31148531

79110793 11839092

56626253 12700181

25329674 82876391

41911682 99967762

29708315 12048886

11509896 55774371

7919943 27033004

79404797 2303501

12693668 83364868

21980325 20322895

53949901 88642490

61749014 89214955

20568245 44478782

12053682 56734730

97045191 71491677

43986456 34217465

17117045 77490296

23500960 32013592

72992124 64504852

42694535 53877977

4324681 36221259

77267322 66109555

71923029 39242203

42215620 30321063

95507481 83927998

17347809 91217689

9418409 58291440

43314697 79520686

80731468 86745209

40371133 8796602

28475007 69644514

92977391 79230078

26352861 86946730

60752282 29654387

14549831 88087662

65462138 54615205

76372097 83440707

12844712 4919925

25865350 53045491

81446720 45104346

3607349 79688791

30055094 69958678

28500662 21152177

12817064 50776305

61167521 5123667

39386048 99456862

94323714 80981091

85031142 14034322

27152021 35473875

35419386 91248433

71666952 26762551

78588789 97271656

13709644 28243360

3523930 36253954

32695452 43054340

67711746 21776856

1501972 47730010

85733429 50352356

38630601 41363622

77762935 91465479

26435589 21595446

43344632 6029933

77812069 74528657

90003688 40541448

20029102 32209329

95658226 91289385

34655840 30808375

85657852 18340318

50829312 31246717

6826457 67871745

92969516 85228471

25212245 1675987

49867188 41074863

42967100 70373303

67469629 25127379

31875619 60358894

94033632 84065172

31193660 98232146

79672521 57658715

64931591 16366095

78474529 491215

37634797 12933538

64566645 69888252

95684307 81019816

92776509 92742429

51571704 18402910

2017563 78910553

560068 2705971

19958914 95229830

1005314 90477454

83963745 31571250

33890835 6171196

88955615 95480707

3124047 87155649

33601035 18999757

16370857 38554955

21794040 43219286

79472939 60196185

43415111 43209916

18283155 92478405

19480711 91982615

70451356 70287419

78892731 42915008

17008309 1480296

47512051 42999138

89405286 3379718

3944243 49512607

72592331 57260068

45646448 37310821

77730954 64773309

67565903 932462

14737770 48866477

22402730 61839459

65774006 6647357

9726736 3194609

10496294 69067872

81729192 9841277

79210630 27581947

41452956 98366290

62348178 31632864

98668210 75071374

18164982 28249389

68178898 78995579

33460814 63242320

50923964 97731472

88214565 51693903

18212184 44049750

57490343 55587182

99146803 37438780

19142810 77915204

58014700 16467398

46345689 76800917

58138605 79928415

88925938 36571460

40027701 57280863

24604381 96432950

54399412 73446459

21912418 25616887

54696761 42808643

49807296 1003202

7651179 69055507

56308514 33484042

20541981 87955337

83040082 90537917

99551294 29598156

70009003 88383437

15419740 98547600

47234500 38805842

50925004 60402902

56813511 59993454

91531947 73705545

43215410 56790216

3698531 46666065

95754789 74206130

43873911 9727598

97429702 89569046

9875448 71773060

91988122 22671665

34671335 57084270

89736955 52835682

2904248 70301766

52383164 70302779

25815180 77117359

95110353 91067368

57706952 30127415

38823514 87320338

66511192 93951900

91353320 79968326

86288024 29832689

24117489 62926956

61366764 26904992

46581725 54425629

76425551 13168003

32747527 77961309

15527151 93624079

80152427 46228850

17220478 33478018

76368574 13738607

82342551 16532929

828272 41850027

93757294 60073005

9983632 36217127

10874023 63570092

4719475 60654636

11097434 39612674

13336230 81586132

96867399 78049233

91009588 68688117

43739078 88848379

26556048 42843276

53618490 38715740

3841329 28162305

47788014 46851210

1032514 99695475

7407476 28992780

21725375 66653377

22585377 4053620

86061218 37756170

36796499 58434757

97850086 87717817

49884264 17321403

87789405 53618717

76098499 78806935

98456279 91932765

92454118 68903081

30897192 74796979

27204223 36950287

68448202 67535006

10792798 52379976

37122568 43317520

35246644 44976264

83133772 25847075

83777899 88217722

10273149 71439290

80355545 70265064

53495218 30707199

38362354 99999669

83390647 35874063

56249114 42808644

60067819 33343842

17812302 78768150

76291949 42772864

31970536 28759320

74818532 29871481

77091154 88055741

25081026 16535108

52362122 88012752

83723563 32760310

11645578 83556444

16291095 78961774

68053993 28406223

36116092 88106888

64625571 97851225

97504974 7592544

97059981 93133796

9187991 1910489

3979578 41284963

83214030 99018673

16630955 8361524

2060759 40485176

8011046 63490217

29072419 82566109

44732932 8872460

28251357 5127908

38650976 48623795

91242309 32781606

40946590 62520447

64197098 86063874

