1000
63170542 39519518

68850014 68727011

34013748 16113056

29286136 71919523

75695468 3766881

17174823 99417033

56512281 28887552

41775500 96597857

41651919 23737648

89957732 30285177

3431802 1217057

78284081 69369923

33717795 39163250

3467559 2232756

43163066 6563536

65950153 94028701

84843675 7968159

47382119 16639503

5839732 22358470

31505570 79350817

38740386 80583613

17739777 14713237

40662565 61026441

48730225 49965222

50745827 3227180

34598928 58697046

53593192 65037336

13345031 78239837

53986760 65899583

11385003 82271346

2122196 64504984

82455203 63770862

7795509 76987504

97122384 58326358

15240370 80625550

9349935 82063453

35979797 21162624

92553859 89979861

77091603 53501087

69059370 39943531

43068016 86747105

45988480 36772221

94993996 17615341

78719773 46998706

85144416 74847349

34812443 14006774

83754332 67942459

7679781 61320362

93989935 5895782

2162020 58369168

81397956 11057769

43742737 29248950

5240775 78028753

81844871 59232449

90845846 73320699

90070079 59572458

50654824 64699424

28564118 26013989

31044261 72391602

73404548 22278722

54077432 44137752

58344844 89438329

47658565 72890496

31291554 38904295

73554575 16521821

38069633 71027795

32259603 69678293

85688962 14506595

17895629 87956270

71009121 6542931

15478483 22280492

78597920 90277989

7023890 5411544

43671953 90978090

49846370 97316773

48745045 74852571

65694047 65320983

32852574 20572477

78945530 89560032

53239922 94173183

86103895 44527755

2483465 85835661

40235960 9832929

22910811 96622363

92262029 77052809

23923247 56676545

34592476 97732496

66457928 20126286

95458876 9362902

47241158 28633571

87400804 10022412

11141435 87527489

77342387 16468532

7937192 2089504

59223961 54555979

36426334 65159221

72048412 18317728

171893 99242996

86184070 14156360

65937214 18366866

94635160 3659365

98958590 26432980

26672139 97021707

28590595 31068435

85377687 19376531

2119452 78535723

37747817 55352700

90027553 72227956

55223799 23221738

37441108 42275138

19388582 21407106

21882498 94303033

28445841 53138598

67627333 79521805

46940273 73583831

4390351 40905900

72837898 89932577

66297753 38207778

11958618 8000949

32424989 91655156

27291336 80263269

26548953 18611506

68857173 38294863

32730290 23804391

43625502 74058797

81562450 67555478

48807833 20224620

10128172 44538085

94184544 5339579

95263895 56563070

38291706 28283251

44394507 49519767

4568564 730659

44534869 62955533

55649173 15930975

23310076 87420009

50630118 32369981

2104156 62637107

27081466 96956186

21337838 66228335

22766741 89192395

41781268 63957097

98919523 6303276

3777898 2823698

80660723 45683987

12363122 85855110

86269106 96762731

7119632 50481525

30173240 47865120

75343010 53150975

49267228 15400437

52379426 77338700

48403554 69226537

12077270 66584827

90491104 39093404

92383978 47036698

86749421 86488151

2467684 73854988

90137751 98471889

4577656 55648435

67272974 35949885

59644884 63704286

69367721 98900926

68574193 49698982

38739055 89031472

42226592 42846550

93840619 58823716

90229446 29117726

53291595 82749500

69669754 35010873

80771456 57637027

93049380 94553069

90233502 34632171

32027356 69766226

97268745 49448110

8799929 75559945

89458941 54237246

32710170 67370076

23737539 1633914

35202217 86324109

40139812 1809094

8166255 56379547

22237339 86589438

3235279 77829143

84045458 65579041

29991066 51743902

89177780 559830

97099933 46965071

35044062 59388073

16017132 33810700

11147944 20886125

12562703 28144019

11479737 68759751

23912134 61344798

46454176 43398292

691039 71678908

9037475 43977949

53790713 18692600

44756013 3725928

60493105 45957286

79221487 56644834

33360996 39646546

48274048 97311721

72119444 79376365

11917599 83984424

79703391 35117335

74651288 8449645

92698170 72015964

88703149 13112705

17345898 93437706

17358555 72335363

87788081 92683165

23076732 70825050

19875460 11862633

91107852 7327112

14856014 40750548

57148824 83896352

34515558 80310228

15326346 103159

75512683 96812022

59487503 56742114

75852090 74626287

11264356 46835049

78414542 54087865

50355158 31647188

16349011 42438972

62643182 28893617

10230593 52952387

54034868 80078899

37319390 3164791

67574586 53734732

56855462 47569073

92699181 22002073

40376214 69408790

7279790 57755802

41135140 38123889

45573691 66008091

20166810 85219404

8062404 70205638

79095002 52556958

83471073 87931904

22089078 2333264

63936777 27780559

65628442 43139369

61054464 42501338

43584428 21664377

97478351 82744343

89092776 91648993

62917023 39665819

45611037 98450379

30674019 93538261

9337626 47971594

38938519 59678954

92264173 69798107

39047728 48826500

27564213 54114655

68415234 35498250

72235969 88743738

88339128 82430015

85533423 74681227

54057040 2183890

72360314 26157446

27951117 63298779

37020871 66021461

4670223 26845657

55470706 96983039

11418789 55747795

45826158 80679818

85606226 34909687

11944808 27433356

27990185 72957829

7741089 99433382

26542314 20820374

13761315 9038231

88258276 12964356

81294586 34423213

84825736 66544703

85293397 72789244

42721723 1582487

32544476 83155872

26980888 37640526

52138810 65070280

89875294 98023329

23805296 49603864

1400152 63348837

88044590 69430302

97896049 39139469

29584076 82751516

49520715 34501118

92048109 15433089

66459421 38450660

23604789 54707205

25463001 89682854

1702902 33583463

81010838 28643827

2745706 87198466

52289987 66340883

49160305 94599061

44059207 22617516

81213200 39812453

31565832 43213064

88506049 63998192

19088236 76245935

11375787 60732761

23081179 2870712

62398243 31783365

41416089 57989484

25283296 32501117

34883769 64463930

85374189 42309942

55722941 99167212

6489365 59496626

75238062 19549485

80022391 65985745

86842429 69528622

75108117 39527742

47151520 52191597

51441142 72900828

35743780 81868835

86999212 86353979

65824543 24492319

73369732 59383975

84066002 41015768

32919692 26172832

14407935 46347560

88804034 44430594

76622509 64746608

34212393 31722802

68677439 25313770

36081759 81971240

70651890 81491877

41718814 11916911

84081948 14023126

55340443 83439660

36161123 54429839

75682295 57927922

17424625 79730738

88809828 74840992

22936795 83973185

16561330 18181541

7016729 50143389

70639379 87507025

13615757 87203787

50377194 95234857

89746685 81853519

94886403 25919804

20542275 36277515

94270205 62359681

75563159 83644340

55402597 96729027

95215310 9820768

92957001 1262180

63456661 36012507

14868728 27650545

89167494 84734905

3926466 87070490

61948852 16625056

48351340 78039983

67250140 78421089

63267129 43044022

39822429 74061754

54526346 84617191

92720279 58004862

32107566 33961459

58367753 56285333

56192944 96840689

42140063 27656579

22306166 71126267

77157157 21858895

9485082 52051102

32225287 39909866

96915181 28873039

39234158 22029764

9950897 80947151

13163784 82529350

81875831 12845632

57276203 90082286

35635734 28827092

85813427 67593462

70125331 95613880

55465403 15986187

23251178 53368016

81997525 12015191

15215329 99627867

49998315 48903352

21087983 98969454

72550153 62298154

28981792 31956449

71738847 25638208

73478454 49529001

41533872 58430837

43569077 92879819

76302163 81184890

1677062 66301097

52671394 64158854

4610881 84811661

39659716 3713587

60420569 86694846

24072419 86259599

51897907 47044846

14030471 7120308

28521135 92145555

68971804 66874396

71370900 8073756

47060514 2307784

28063968 37119457

2721267 20612722

84796617 50887854

80358035 3342735

61146408 64319551

40911934 34536823

31073325 8422933

61430713 44375222

65725354 60131478

45923260 24131045

31706859 1895815

18518257 91991998

30182992 10562080

68183004 69697742

46516138 55167126

47466461 92245781

35978287 16042371

66208518 31164760

71423138 57370766

54610024 65657973

7580966 64050237

84244295 13602397

96785409 12217757

19587304 12550641

8200342 48895145

54379416 65947866

71298210 77891660

3891182 76380213

51372326 23161339

10612950 68723765

40749474 27819356

53086699 92655573

36780071 92110958

11236622 62400592

67982668 9187782

49263180 71446602

13886784 77487066

24253821 8574551

80067892 58224792

45235315 50504979

28565039 49059050

29210245 57055600

19947716 57109857

36525144 5657166

23555752 10227294

31703796 33547555

39183996 50516213

30294263 3801817

25759945 32100650

53604232 61828151

36814023 46654652

41299001 25131289

13179250 46377234

55323565 82559947

82787471 57819362

64762365 96225227

44246129 96862060

16599304 25603468

91804300 93527968

59165615 68460584

938312 50176132

70593521 45671598

31407267 51268784

95290014 64043104

34662926 96013202

31876110 70469662

77239594 23976342

25416845 22799769

65295641 68496385

79000409 65575961

54532397 38114771

38381124 91298766

79237840 688850

92958419 92638322

17364827 22880733

89699573 81534857

1709868 63880196

44287530 33627499

70540113 70915097

89751706 71159931

99764335 67369070

80868093 65397806

58196233 33466724

69564708 51105129

35750138 30839155

51355577 55502039

87254261 57727014

40577152 96172932

2680619 77102021

90680382 96052172

88311639 59382109

90307229 252429

33794226 40250673

5164299 87411661

26814161 68944963

60113489 74475735

94666332 63005747

33700429 10956194

44113934 61680751

64449317 99461926

78597963 86853614

39440961 11396609

67247002 61946995

1590617 75306934

79168156 39500067

1837313 9671400

47987288 35165689

53632436 5319382

55966807 69356567

7529146 64903341

79564468 97301501

79768222 93068159

79580314 37624066

73416525 68442174

27370041 20362711

67466693 16719290

76860683 53804035

46007711 70000539

52388403 41191707

51740066 37646676

79545136 42858853

79326950 10934887

22076258 80817259

8475289 44015939

58928063 4485725

83836608 79017876

31345827 66675731

48947106 17730016

58558734 54886445

75259719 88996974

59923438 53621805

16305313 56490307

20933297 39206062

78293827 89950198

60779443 13901401

7927666 20607440

19568348 44048675

38027821 68135998

66133371 20505086

68398857 79070266

4217674 24422689

72012763 16995884

26235574 4470325

5028316 1404529

10323108 89736150

14356320 7925295

56377423 70720622

95349312 55747941

30381578 81000423

26135281 21870890

80479481 55949560

87314170 58184928

88173400 29607207

21583030 33999118

14348599 55603401

26309441 99014640

24981216 92687267

27667104 43174106

75771757 50391276

24808676 48341144

22947044 90811373

91899910 43139373

34245640 1598038

12506376 82884624

66004969 73169152

832299 37179560

1239329 75780204

51819473 66463802

98313873 95415263

95641851 6021837

34200309 65163310

16958108 63866900

57554414 59774032

96342773 56906955

88734358 27245004

60619017 64976938

51784802 72437801

16761596 37152059

86485721 83097501

66531806 55891303

62544146 34597196

7256353 13925922

91421893 82878394

38760343 81439635

74032475 69302299

16508208 95929337

8016237 68442183

76765541 1916536

80442594 36371912

80093869 83942487

34647151 71094514

1140540 9878998

53317102 31540731

41653251 7800331

22697618 72992891

61971901 96872246

38834710 50479242

58438095 57773430

31143960 88593385

94874173 61498496

94274618 57718918

64941054 42901689

288653 36553171

28173032 88348665

28555451 64959569

97789686 46939480

88856755 22130955

39899023 77582392

18800318 20519411

78950674 40701241

20346381 27038130

35378563 64024781

82225904 48640311

50515340 80774257

48452219 45403328

57472423 2254570

6734089 715364

28706047 99951553

39035615 51083506

50228845 73234313

12805807 7222848

84482244 3979788

80485717 38327606

51842500 78340023

76350816 74805334

66177986 55823502

30899772 10380704

67323888 20640187

12081799 98750401

3526464 78193587

53840286 80676975

75556691 80398458

77615918 77318057

20954273 95494021

7788909 88901422

6851911 61679672

33770722 59133101

44529699 67639199

88566608 50864284

43401245 11060774

75528973 45342997

70972188 24676837

13891408 92346260

75596549 98040638

13529965 980509

49561640 63853600

28678855 29681951

96012814 32845233

99112145 96241590

25154700 87207863

11776862 55558472

11853639 16475696

9686705 12457349

21252614 5432838

25811575 49480054

38116353 96825254

5966645 61649049

40555446 72522774

19231412 50961785

28213890 54525175

44687290 25602438

53086659 67804357

97575039 6353493

54966343 5902974

80773977 82790301

62996321 5920339

90971458 9923148

9619097 12944996

73283356 16552445

64573247 81102772

86137479 70572072

96618230 69352699

67838267 75948043

9996432 22292892

16559750 85320660

34681494 91685778

77403411 26288754

12273798 82233331

23615498 96793354

53408760 31059410

64407833 59241497

44818374 50207929

65982894 20719052

8575801 29006105

76995872 94561226

36632778 59183312

68913016 28607752

77111939 44509405

42665426 51052783

89545065 14477800

55727008 8781212

1555413 35145204

16847493 20718035

72475469 67654801

58397074 37897719

80518470 86419222

45578772 44467336

83007755 2533940

89481230 93627387

46444469 59680814

69532011 58571130

48857604 44436810

66299801 15296100

75089756 11081205

72601885 15099314

49207246 55965741

96560377 95661940

31820375 36724016

87967766 89645861

60174616 65324102

45708370 62120136

72807387 16209452

4895918 10980917

67774428 65384561

43118137 42536118

79741789 23380394

17146570 51822823

10275601 85555184

63076260 36817265

8411271 99828511

56608521 6265419

84414714 87684913

76798621 61699167

60725204 74064993

83715402 29561246

10044788 7736860

63462773 83996553

29655045 80286824

97488448 16649837

86704481 76311751

15015795 63010852

42060219 70504562

67178338 20746720

19219736 46852267

78784157 49661296

76244351 72348865

84661449 50494638

26844703 37635343

75342120 63713343

60241329 27253191

12962030 9116182

95351992 89360307

20940019 15586835

63361328 12071518

85395794 51368175

97433286 50584788

16621776 56807580

97116927 84882418

11082458 88274706

84050799 37055808

2908152 68849734

25521710 32606641

15415010 91360173

6771664 17282615

90263914 9759258

76662144 9909691

30034641 8299917

64285978 84211703

86697695 47177978

24111150 84836257

27229322 61474997

74495785 79088550

38476877 50097314

82445056 3843639

93733574 22359457

38427689 17712764

19252094 35575170

18482430 15833711

21499029 55500995

73910566 68495529

44079206 6540837

74868199 77903887

8474894 80002946

13033137 52211878

52848586 47734918

47345270 11906648

95108167 56574999

78345466 12788149

71761352 64736319

8396631 79311842

99454609 26286485

72981845 65863693

94812918 33968487

59686682 84003947

47276554 23551234

87776969 78961722

81451323 35198103

94916291 37814572

18256579 28985805

84916389 58709013

91753671 15442418

51624882 42593585

75142483 59996381

40662419 12846657

19037448 10225191

73056735 27505984

99065389 11980169

25774639 54460790

10646316 81225616

96601158 88975355

8787096 9884184

59646410 48533852

54757677 46125440

49733736 18972238

94468816 51771773

71366979 26172002

69825820 67324017

64860114 14588508

62498595 87079856

51805247 90291116

18780384 2369048

78696115 9266786

64047502 13238880

13483674 96772890

80251196 18854366

57434937 54765899

63216578 41727234

1686896 7245344

49322990 15668789

59145067 6296083

93768437 60050610

81193852 82609164

28337163 80333905

44180073 9662035

15103638 87301068

77344536 49543362

94718531 85903280

5212666 48330025

43826099 62751895

49866865 99611648

86603929 18610796

68182285 54181901

61367802 17503677

46971311 94777103

50008469 89005036

90780501 72553345

87302467 53232783

4199740 14995041

3629208 91564979

14112039 75302844

51283882 6162144

90478605 10838549

91233835 89853901

32883820 77910036

4376883 92161105

96627964 80065548

20752586 47863981

52416798 40836440

18507457 9398718

23248571 1729943

30056016 97394448

25295448 41374030

98540202 5733766

11950866 21193125

99143274 7476754

60193157 56262867

18219893 78821249

35106389 81996920

99994362 94447591

60281755 688535

49796216 39692599

79650451 79218637

55179665 1665759

92359870 66323509

13756178 87679785

17522507 84699250

96781827 33161561

215418 52437355

99246206 68300003

29748904 1900095

49206868 35608867

99736702 84896658

51897797 37610847

55961553 86051923

44339166 58946687

99219583 30316964

23563265 42217662

88783196 21782121

2225142 82533258

72681644 39523635

78443882 55378159

35913924 71098411

81955091 62178558

74474983 2256275

28298894 79105922

39665073 71138362

39652922 24697222

94656755 31829321

16636112 89279574

86506225 5887538

51214298 55857376

85046618 99260360

71860504 9315724

6454056 27581720

11860634 95736807

57589737 98624446

54032827 5005752

35939431 11518512

6237011 78656494

50073989 52667521

25882245 40860817

11112210 800289

83558741 55902386

20412933 94398295

42364123 12516821

31452168 66496629

94949472 11610640

37436652 68584670

96171643 27737541

38894128 89437122

69531947 60519583

9161474 12710476

11543766 48570498

55478741 41500156

87459178 60031075

21518347 17070619

652118 64567539

15935252 77210504

11669152 82269076

78293257 22997628

62107427 124505

46039997 2493164

37336799 69166306

86086890 34072873

39982640 94197551

50145796 42915007

29331079 88936356

20858715 2469379

10378073 43075849

75248941 63029467

97729256 38028638

89393675 52928857

42136146 86025331

47151506 6458948

60285706 43509894

55983697 11446834

27403291 60283923

83930313 28093763

91567301 51301711

1829157 14685651

77695835 38728174

53397956 71124081

7646025 52642998

54583873 81176651

14957748 646691

30915098 59804927

47160860 9041498

11474219 1756716

26392296 50967684

20914550 93584305

9354104 98719535

43982747 78153685

4632049 30257607

49896020 38099088

24965277 47912114

29177416 47731953

88593547 97359862

54609857 82295775

31575078 86509679

36956716 58068205

51505605 35109323

48462930 87180403

77743965 97875948

36650411 34522247

81303187 74368944

48040387 8087967

4083903 11414101

14532931 13207076

28907749 81395609

50589688 27060636

33449178 94293817

71404353 95077368

70139222 93890539

67309886 21573192

32401437 3213837

66783705 58617989

85021529 72190159

98407989 37027283

3028806 60587038

91770387 93598648

97751120 54854843

23915564 22499790

67526448 58577075

8345781 80127063

18280101 18633146

57816965 44654770

79577393 67678233

722226 45621522

91318440 36178409

16413510 31054307

20687098 97479624

77561485 75426887

19868341 58370193

28731548 79044674

98819809 24522232

