1000
43978136 85878816

15817930 27054404

23463113 36186616

45065797 97722199

65519942 46730599

25599117 87628920

60077003 65923137

516956 50255093

93617360 62549210

77162221 5161386

2747198 61476052

70576630 65719341

76397023 79077267

75866479 48287945

42672172 30703070

25426125 89141187

42829425 71546947

97762454 86680516

53892013 33349042

32074241 79176738

33207550 17757617

7819031 88349587

26020198 65691767

40001562 56798463

20662992 39190994

76073225 27466026

38165947 42199385

81017531 49304768

70114452 82137992

40677493 34143592

78546781 61497472

40951387 52413575

81282706 36732217

58700272 46258526

91166903 52576457

22492186 63957076

95635117 51286178

57771982 79607682

60923899 8789540

89201170 20479366

79396671 18257402

86405285 94599032

96269493 53273778

19859124 19576402

96485925 551511

34144313 93727662

97598151 16957938

77461804 89072761

69868917 36687323

39808917 97901416

85235258 98988857

94435877 23394689

84068207 1070702

70246853 33940774

22436014 56334563

90549785 35663105

71429116 80877665

78894415 57588053

19789566 53220413

49813101 65026267

50578497 87920640

52077505 62828635

35992317 44145999

80583849 4147820

94647938 91579278

46306895 15918718

16591526 29812029

95625452 14628465

26717365 80598045

36376271 50643178

52630084 35594617

70724479 71880930

45381652 89853894

27166271 55901356

78289771 25000384

76799127 81095650

8981312 97980323

97443919 27812111

20175576 4179565

77910830 80495490

54588801 95714181

9234797 90964741

67783107 81142712

85914337 29943173

60640520 77846544

2849035 55517368

92433424 83486627

2745811 5918128

82019554 53701805

80982705 75105495

20957546 28833182

39207956 34943267

14880948 28871948

45470701 77061215

41980313 32455028

19213047 58117469

69572409 35843362

87189669 37862578

12335275 81222770

96225972 63455384

52172706 33254895

1176412 69661933

6820676 34495834

63675373 26600882

91518161 69929060

52850100 27966903

15322971 41654423

95059135 26678729

69881642 71344204

48538689 13207041

33163513 5334619

96949499 42010808

71962610 12764558

87726110 13186671

15417115 18427390

24792124 52238635

30965352 86794147

21050600 64138357

68138977 2762249

98514454 52914528

80441677 3733054

65498936 48814399

92939496 66455615

61329307 38146385

86601591 35762455

61722390 66688014

59010963 30750206

37474738 47613167

64423293 39357701

34538104 81945632

45656663 33282373

8920376 80792693

4173144 67312687

97865306 51242142

92053366 49606852

67841285 55706959

27674270 73757733

8764231 36606442

84204396 49721573

82807431 58052801

73406778 40738171

1247040 91481065

32899280 61158447

12553041 97739554

57765792 94512035

46168462 37717460

57447687 39803370

32551033 49769687

14355726 26544580

40360482 66317446

9085263 57369793

27397494 67031093

88270537 24817103

91453469 1964631

48169411 84516829

20727865 44200085

22223683 89873506

49272427 67992641

7459992 30927322

70118362 40437084

5271339 53853368

34789588 89625356

45557333 58115118

55514038 10855031

3955167 32532937

92868801 94220049

44569675 4102535

53724554 25129249

32885914 50269342

54471085 6156854

70690588 23380554

48529499 59451444

71960197 79739793

69362512 44266729

85207285 34087222

5818697 729700

80806573 2590419

10397655 62352626

1601339 72631377

61294532 25399580

40221190 42532110

88862241 99920806

69693765 62748842

10588499 57825431

80093385 64031753

98075298 95219695

97093281 8765853

59063044 14031326

49071491 2128428

94499710 16630375

76026827 51614871

22742390 92210981

55903119 94620431

90784281 12456515

97476817 25685249

83582671 81941527

27539168 17766897

84558046 42696858

9895791 82600892

21607140 15590878

90525518 9292341

42711521 4085480

10038919 57167928

17864553 16264787

30640160 44559516

85768530 19947976

91174226 85811284

63029199 29650356

87415114 26143009

82591519 38024380

41199352 7125559

50563988 21845617

11004262 8182368

77681851 64480399

8995981 48350592

62810903 61055185

67265818 87632895

38484541 12134842

11274025 44777646

74509659 75198586

29857822 77695929

16652141 94543654

6137177 57139456

68377412 83297315

11596037 63525034

72167217 88177565

17279138 72391690

63800264 86495341

99592385 19545402

63299569 93811655

41210768 90572560

21826587 95780660

81390231 40886403

83626690 11066987

50096749 68107376

87537710 8631904

45018180 60514541

58778444 86686810

48221684 55119186

81311071 23632453

52927414 31081773

6957881 43713801

39902404 45593930

54171596 34120158

14857059 57967862

32910928 20161986

90472116 11029966

75029165 33184079

99590365 13753778

11978045 62300363

6099111 67186806

94604348 49036556

62425053 49092827

24135813 20726227

66252101 20179353

11403442 37872119

86639438 72356925

4124824 24512776

61040387 55713852

93458090 67316843

52139517 13499909

96038637 4375292

93610694 28452292

42877361 47145340

49024635 29415910

69410674 90131210

51914124 47451451

29275341 78421120

18195624 87058339

68750098 73291899

43273754 9985546

92864358 68965514

86637805 47504735

40123087 68021164

54939927 40261081

39948540 22901159

90704094 95088437

35549433 43385212

47220709 29101432

34881271 77160364

66737952 83464146

92387174 48377160

54758867 52720799

35449040 42468709

86817431 81824738

66111902 29692395

71984490 26762506

45274736 9516459

53843221 38715677

93790410 8152485

86019413 49250688

34259176 63565879

77497689 61832217

97535703 59984027

66134375 1127113

59987367 35484022

63723489 54078820

29482238 60961888

58561097 13904467

47902311 80540571

47218296 2801222

15425698 84848565

86278390 31747373

19187911 86750083

72146091 45082953

85111987 3154352

38392386 20718040

87931450 60222548

74071904 33797601

21330670 95579910

6852768 21212587

7068308 2752004

97877701 79780968

51378138 74737787

64406010 99158984

71291160 1536559

37656084 27495832

59560346 77694020

29300939 22525422

51926137 75388821

64735181 9027316

86051045 31491523

27341329 88385652

89134848 99836897

35050561 73828353

73953968 41606315

42837948 28920115

10462520 57563175

21482870 71948399

91750745 41814479

99672091 9902603

50438567 80386971

53514534 51927252

6771002 5769653

16044708 43673969

7067306 53298407

80289519 99748685

17243471 5722866

94482687 21884485

25152015 62063866

28505291 15023503

75649380 83683317

4589389 30545297

25032433 86663119

75417380 44198040

51242620 34379067

54578074 45330729

63659407 11455078

92688602 71551099

2173361 84804592

13540533 99239726

57019478 34091418

6563074 28720592

15461055 52200698

76086577 76034172

12750977 32540978

16088865 88431501

70825954 41498882

42606200 50004287

33274954 20398517

80140530 85177428

26320600 30749991

29869757 62282914

77917448 65976522

92347213 72456296

26479950 5855847

45103617 73594088

63332616 96954337

54795350 7146072

77196942 1062480

56234425 51908658

82879132 67553486

19401049 65771752

16308051 12526099

16659654 41198769

10110785 76737644

28492351 15509907

37481054 94510944

86634002 34242016

22307190 60806298

45593640 80361519

15634586 53206271

74992778 8755590

61206493 5236270

29679215 93577107

53045319 86424686

19479693 5528093

13085027 27032129

70450526 43421850

13442261 57209216

39877749 40889819

80597360 73805856

61141982 25499965

3465168 96733076

2399687 53827834

72369145 63746073

67269618 36380120

83812597 40724815

25732767 94242724

76983472 37452971

55565922 9562731

65400660 31750435

48681408 43781338

43630049 67081307

31868936 63641624

63346153 24612336

83669355 56834240

39948999 18815482

30748890 1762849

656278 42295640

3294167 60681458

81485574 11652529

65021254 26991902

84819624 57928728

49622604 84223035

50825113 29215034

966654 11908645

76769118 1546987

18900097 4866792

34004630 62375981

9008488 10917330

8431879 51749197

38261254 72598655

93047983 10569318

39277638 86426588

26382357 73408624

4240044 65530109

23642679 99849999

4022213 79887464

75760510 40185315

86685337 35204551

42848818 86319013

25487581 53024913

88067109 50025683

22902472 63261782

52085671 83527666

68446033 79531132

97152157 54018267

57055721 60018697

54200940 92953504

58818113 21276953

22109019 5778947

88421534 90933161

79264944 59341018

66413358 20828651

56370263 46309717

39310896 33956205

41478580 16533951

23431810 40584679

46791804 24969670

1596871 82935761

62451177 78101529

66895857 97346560

87839432 80810000

24712218 42409226

61452085 72010658

71044044 31875550

77864088 62968902

81232014 58570948

16425289 28246314

15066873 47652163

21871251 52244672

95117399 75279383

75210911 20050501

82124566 2266875

21793958 44347662

97003253 59852953

58402579 24117548

53016458 54574459

6866604 25532886

29153802 93760495

8233284 10880586

82984831 17731066

75948535 12366454

83620093 18520498

75507044 28763420

40466120 44532977

64114545 26311970

37264918 68465884

97162444 30559702

93742737 88533950

5896043 85567437

34690804 31928650

15895839 11523669

2623860 62330039

38016017 71683097

28123331 13259337

91042024 91024493

29588136 48695537

88050417 68823107

28938494 64599136

27604576 83521459

68337634 77105054

65397242 53555455

95910992 97329967

24926737 42406062

89707690 85995297

72139075 50991325

69509898 2379313

91512023 80045026

46059102 35902881

74358024 84973584

44235185 89348072

65925961 76257190

75587959 17655187

34188369 93697974

85469430 73227515

91470057 98546499

12256428 31826336

95842497 95784919

48746019 61699207

63197581 22796772

23909626 96668473

43911738 99196903

81172788 29238633

903500 41169203

46569898 130578

50184154 65914029

81360204 8942984

68407063 35781114

55385215 88917791

60532666 12320150

60098555 76973013

43608640 91875398

76753215 4418063

29102680 5092880

82165972 86628294

57855763 53817574

74796696 97690555

15561900 83643420

91223725 86219863

26669602 44531970

32812287 92485585

96028213 23852466

68480874 67916958

10465557 2693843

57463281 38520973

61886451 55773368

81966459 91907070

63806808 54200522

4676873 41463974

7613206 13200801

38236253 94176054

59557269 95762247

64183576 23864817

22293639 42875176

77504863 34363547

75318073 675469

76398784 19374546

39951917 327387

68354946 78642078

73343116 70248670

88081571 48114864

58180070 46800200

83910511 94093203

93277311 55114086

20049582 34987294

83459294 92442537

15187808 7484828

1624931 31316462

83744576 82531282

84701937 75496663

81193144 44813600

75988828 40300835

67304943 72900850

35987151 67185914

98421472 48506105

87615359 52208882

16817997 12725814

40853756 17562047

56981090 14935477

84849402 75390051

51201983 77434887

18179383 82213812

13114662 49032528

22000475 19177949

44581384 67222761

82990768 1925640

4067149 95641539

46785011 72429455

28064292 99015622

23353394 20858483

64808768 77338617

69719299 92065671

95028980 16600627

71450910 55590973

25347284 11076046

35634431 65808510

85926257 78768178

79736683 70324276

85479660 2526786

19991230 37148973

5528203 89256025

95775374 67026031

15464680 24341954

80855392 64143593

41080211 80849902

85741248 17156647

36622047 14769555

93470372 48774505

93467181 78730335

16876172 26924502

79174830 10700384

52619175 34777545

32370778 33043804

66383133 6076132

34639365 41189645

82210174 13018661

69205448 44569903

56405271 80870370

92877459 77428615

63893855 43863311

61641596 22300157

79030015 71025857

53240109 16163234

89179822 56963086

89148622 84204449

57911292 80729100

33871414 23616805

35032127 6724181

51196850 58301640

61231601 20451741

55021459 58410168

56548986 6515439

43390585 55066955

95883907 25383228

4366279 94923551

32945197 11060609

16704149 5078582

47193001 23024897

80504004 25335254

39358890 26315158

46715464 20209261

90159950 64134150

7800582 13480520

4723462 72247302

16192327 48547174

14233798 2417189

26382978 79938636

79554750 78525446

62154180 68276345

92305036 9177542

89951878 8331848

76189128 84826074

17284787 10798690

41380757 75670648

68787001 62101529

44890022 44997778

61532971 77486153

48277079 17720756

3803447 13487701

22200530 99788768

83898523 46119104

63213564 94332847

35963636 23582181

95097916 46520565

8025587 2499099

62850437 41489710

50457496 10472929

60973016 9813388

3505642 31034634

4370722 3445479

41936289 89077529

27329684 2623190

84886179 89041840

53136511 41970992

91844430 78383126

32242937 63145192

45443464 23177496

62777203 14074420

39012889 26679610

90108611 79434825

68919148 57402605

30890532 41425265

30932730 65212531

34636861 84333647

35941393 52356262

72385529 80452617

33068258 55989464

88086773 18952799

12672845 89236452

57235372 28171711

83085670 43370855

43276904 39143719

73572523 83717061

69006116 20462992

11270849 2117211

9903904 32887095

63700425 25727472

10136950 88211583

95549158 1517183

64515423 73349019

40732891 21361117

73139071 43757909

85920990 77117446

89000508 37204252

52080225 82993219

53675494 63711428

51706810 64518259

63207420 25669093

51602938 60697765

2428220 13042111

45348306 19690099

7596837 76968040

39383966 13471238

67659236 18132546

64432587 78979013

57741220 80514045

51058793 35614175

52512014 20851140

61217080 6045262

16629097 55618759

32286975 90155940

45364280 24888786

61329898 89739247

15806172 76980159

47188551 78296190

53899392 57630053

90226179 92523477

57040508 47448363

48941180 24722025

80550540 14197361

70317419 18097592

91966979 81956970

45518880 18283947

1890682 79531992

566034 36905315

12945062 24249730

95335617 91369233

32035380 82437031

79069452 22732067

86274410 53970268

20732088 93708219

973781 55881931

24362701 7920339

38488144 37648555

67895604 4717270

93101136 81653667

17647337 86382510

54770091 45724848

93896711 2504256

23013896 64994359

83687692 19880344

63778060 46217500

8197812 92483340

80542071 96118535

81797499 83144694

427507 32655722

83128969 49075374

45654929 94968725

13981966 68324413

43492275 87112678

37106383 40640832

66989977 59647001

37872382 61574197

73567005 62299339

75939464 98752373

27704864 21649804

17925374 60060768

48462773 54961347

32717350 84501402

957826 67714213

77274465 43226302

78170788 31129876

7967615 37359887

57030733 85052206

98767005 89651271

15735554 40078633

25024234 20510978

63969747 50771103

51902021 23456021

90711378 54625511

10115211 8002100

75169099 50316439

19496066 38763817

22262334 71527438

67805025 45496477

9065242 87926860

15724189 26757546

83653869 91952025

70905133 84733932

43035670 45882654

4277007 5341806

15191794 98666495

73875110 44073319

93278781 89291657

4935124 18593222

55019008 14891598

44990898 72349753

80436425 78504837

90703217 21016015

37517348 32059668

1991536 55410875

43171870 73632813

86002829 40342838

9135388 19023465

79991675 93766452

21748737 29161778

51832944 79024105

82618613 23051525

35069993 98060132

5879983 56876258

90811769 32824692

20000437 57374956

95217157 58857634

90625377 86205325

89638760 52946052

1485630 23764285

97714886 44677421

27624153 2983548

79938943 4583951

47564209 7888302

99361820 26289606

78752502 74809564

92060327 42065051

69061451 81446972

56333082 24297777

40932445 27900322

87424846 39418215

45903253 33077608

17970820 17970785

63670216 43989256

596816 62291162

51121777 38982830

645038 33606100

55035883 87379033

38950816 37505366

58164842 67732548

75093315 26600731

15931091 25355857

55171158 27314469

31103507 71153584

40293433 11621955

63544140 84035666

82824366 35552658

45162587 94926921

57626717 47458449

64806731 53208215

16339283 90060881

32040665 76855305

17897640 80660527

25899573 74216667

9886362 22185350

51105393 21437886

66443710 19029460

59281387 79159369

76313422 79513622

45022318 53683544

581447 60408855

34595047 70446165

18999617 19877178

66755538 74342523

42985216 74170384

79816381 26388873

92180496 85684162

84189418 54260944

83815265 63690959

955778 27187548

78445919 3242622

7893668 59765997

77657920 31583543

91229353 31740375

4422323 32231934

11414798 4480584

86272762 27308422

79187789 5247559

92281909 76624983

83331268 4447942

85206769 27255222

65711557 75942016

81628377 10844739

24196253 34313567

69117809 73141265

74759948 50911516

31555789 25424356

52698579 33794307

48484244 87409637

41642901 16636544

61752633 62355481

44136358 85439386

9973515 76690505

80238936 27138491

48903732 64879830

97978069 1540819

8738988 35306795

47687596 24193463

1978536 29067575

38743076 76956715

73805787 62007323

10089629 96896789

47532123 79299649

52983371 83944529

4581197 89300889

77556985 41434575

75442980 35812512

73711955 36195611

60619546 37104929

15774343 64959714

5853002 79278195

48442266 48544076

36188215 31392102

73897440 91320096

74710810 13745674

60595632 143058

24108681 53384539

16233623 54735197

97031725 86447051

63696237 42862902

87872042 60419280

77416198 6737329

51453888 1046110

8553123 30549267

54324004 80660376

43062704 9067947

38245472 22103467

17150673 46349478

57781150 19193447

4760736 21839314

23532175 16144804

36599875 56468507

46666166 51671209

72040246 42133665

13943651 58932429

67422676 73334850

82268851 35743222

81273683 51865792

64642845 92043145

98847271 49016133

60219866 1661648

4339661 63197296

41733171 42543387

12645105 52844

34219725 67995752

2197695 40756379

11519861 19917284

73312742 64853080

85532543 28835203

6348607 9778806

47388154 74604752

34315352 84640831

38186710 11630110

56534002 83006548

92075854 9326207

20884187 49690792

52090760 41700733

93839101 51484924

96134202 67619924

68549094 52115641

86862987 89074435

68469051 10447263

4853544 14100892

16361093 78954567

83854186 3297841

61741330 3048035

81662257 31741218

87079110 13509010

16372390 87189460

95973086 16742833

49077 35113460

93309127 13902322

64661409 33736977

84547796 63073502

70982917 2010662

11680402 87085989

43659842 66990214

25876178 19508820

32406619 6708664

49326686 28857761

23621773 31627632

45380664 16407009

97039578 4349679

20080348 27870608

12560177 87087038

52941436 96280402

33632295 4807369

49153040 60594192

59580493 5461608

6949831 40819975

30497796 53994849

94274067 56795180

37967097 2483803

13603502 20676184

78903669 84635529

91570394 47414488

80957181 42645872

85647032 70714244

79629988 69637163

78658254 60945519

19209932 42310932

14487891 79565806

19960873 60020745

57531302 8600978

63031225 61483033

21233813 98074422

78323515 55665993

86556902 52674772

46730663 42976403

77400313 29994356

82130619 46126272

16355027 78406568

