100
96613912 91895700

233454 7962208

65863994 71957627

7767507 84759641

65801098 16937389

42936245 25465126

33139913 41549114

28289029 16961095

8787714 53655725

88125287 60348642

58920022 12289566

5772738 30680528

53585341 67015808

27586283 88746106

94488201 62390462

4169548 11482597

59301321 24293674

85291070 96282495

72501218 11092413

50338332 80897983

81350476 37221644

35218019 19977826

73048218 26848530

4786036 91299806

4505791 73387201

99570215 88423332

15320296 78058512

65709005 7438729

8103188 1774115

82164372 93473548

5011818 67195104

74394938 31254899

48600563 5557833

79326029 98665254

6931124 63478967

63250244 25819559

20738812 24391242

30591669 72758301

76805338 26490130

96740517 39234944

3667320 44086466

21543287 91405405

56631889 45832366

81345172 15256115

5754698 67955936

44179002 48106828

35946551 56438985

8529356 25257376

54674201 56745126

48566153 22663425

67403600 54141301

37750286 81780758

57149387 2753278

88955565 11523605

35076171 66903138

71522685 49532049

57223261 34275712

54247377 8566487

3277652 22635967

97157753 66606114

44934530 15005252

7407267 93445110

50915201 94714872

47719471 1925709

46638694 41340232

99684581 12565063

28266665 98719588

54558655 25776742

80951529 11303540

43919911 77700144

61499781 75400296

16800105 59321345

76729686 86256580

11478712 37524760

7493468 74133539

86376811 94050426

74283883 58939770

54300639 72500450

77413692 14855777

85339404 37392683

96083015 79934396

42594866 64317621

99605701 79700881

93397029 35495363

65434397 26655030

30530084 71448805

41270874 63751283

24688702 85497820

58419174 72081445

63213435 63593499

95710810 39858434

9144494 20725188

7629575 15267281

84427965 18840135

70266827 55504250

75512589 32830725

5173516 10067429

9514832 84126596

37272791 88001662

98814569 61988873

