1000
91503308 97446847

50775618 83175318

45114443 94947108

81821854 32996769

85515929 58648634

69720236 16132581

55425502 79233135

13969605 55547132

53453928 89913259

2639039 71070813

57448904 85675908

45306982 8394130

77739352 5306927

90226317 43513142

22849363 13119041

10795738 26261809

15452999 29465920

3855352 97561445

13865089 93177617

89702753 85320589

42218723 49361188

84037821 55873598

51896390 87033754

63050125 79053952

57154154 10839609

38502970 69385339

48743506 58485801

46561871 69860268

94977707 39610845

80535403 3905960

99675880 29142466

58598846 76044217

52113368 54893801

73125835 54193530

82769253 37246213

1797385 17700328

55298858 86343457

12481884 99467121

13631289 56655922

16774473 27558186

45539918 19359203

66706707 84418496

20818786 84303971

79048525 25214403

46069693 68939863

81880260 59246914

89762154 24863126

13749062 86370299

47721432 62173192

77605004 20034138

23768801 66069744

34825442 36773320

61216553 37205471

3300175 69678322

44050879 13418061

34712745 17585788

95649286 5424646

54933615 67770478

56474209 92509094

25605161 97126244

41289790 84394898

52873152 77899893

28189241 99871571

39311909 19997114

8773386 8481158

7588706 88124186

76318015 75508627

28107519 5193264

3652436 46024026

41690315 65023074

67442562 96623525

98877967 80302206

33883683 79489943

74436229 15762932

97384122 7753257

82840311 47347029

74476731 40854906

50623047 425536

4675350 91824933

11588354 18865558

22674968 48617666

30539991 93656872

57441754 9042473

56995750 47234384

15291576 36448761

38966806 20721131

6653770 20585878

77214872 9426316

93631544 8270212

3203914 84733927

63949821 4342508

88266421 31140340

9740001 70485034

26869960 26824984

51987050 44370202

73758708 11967035

32377429 98082573

32573457 89982919

44756000 56633577

16369507 80457656

97844881 95685410

75061553 9580941

21129464 91303890

89756324 65533049

67885512 65555519

67690256 23121346

45485076 28028312

22296706 10052172

94062827 89773038

84237539 85106686

75483083 98021366

3347815 48391493

61015311 70190190

41337350 53349743

27702371 36761062

22114632 67129546

6838932 57767134

3336165 77854824

48925663 88698788

21480123 45900097

93191309 27801968

97824469 66339993

19699262 98934763

74105004 30886397

77005468 91710383

78550209 7690984

81245526 13708919

33109066 98727896

74291040 46984340

53468120 99044166

91751584 84010970

57814503 60221612

20398946 96083730

82441459 65457155

49448381 41652518

739123 18492026

21038221 87931876

91315053 51883137

39209053 82035816

49931811 55080071

64606999 43037860

34987776 92467007

80080703 60564681

3266825 29065720

19408565 76439425

55661531 85317730

79483748 64966885

11689626 29320505

44068948 57236702

97225275 56107370

63838503 22354340

48101351 60011576

85204138 27141386

26735637 41410845

72055053 70528029

41595832 83629181

76556971 11865627

16890000 13715992

76098340 80165892

95386323 35519771

19012634 14795197

84329335 17485282

89253071 64523374

94237713 25682185

27701824 38312417

88650434 50733311

50312215 31962416

36983849 58501327

16464636 11663938

53442043 23254493

47582174 56423454

26316512 61450372

71566984 50176218

76988270 79007692

59211258 53574903

32368357 20312655

22247575 38495396

665406 524011

49914347 91559885

17899865 93894574

40836617 9679443

75934152 54672633

56417212 12837442

94230037 14700119

28776117 75281437

1456437 18773426

23582247 78968958

54573458 3187416

86354608 55474518

36447256 3969443

19192178 93944800

68143549 4419275

6797961 64620586

52913737 45402253

61600236 50958651

14351089 88216477

95436879 28646696

62800320 13532781

16808240 42904747

40318536 43371815

51502053 39289126

84232324 71414796

27381916 87010184

39205583 79722552

2610327 40101337

73297916 35161403

44648494 76251189

57721984 53075301

99434606 80652341

98810624 77339695

8267522 63633457

80979819 33454434

37598294 45035650

76559037 32560512

16454395 81867874

48119405 5435966

86336731 14770624

59882946 73164733

49492605 82174056

16612496 56076304

64295187 70038564

98090579 68917251

1599435 90155097

20361060 16069117

35453167 53582017

40465460 36584770

12515001 55466315

65036745 62990526

39406111 88824607

828264 46055727

28986999 16311893

60961766 4465158

80275640 29015483

71003100 39158051

36412144 86995030

20987616 82617337

9020892 75472986

50352233 92553142

90820316 38944004

1350965 19792166

7248032 33116510

13617938 4111940

84956358 7053714

42042755 32777524

83581276 8485303

84211854 80648074

13567663 11003370

63115260 85906444

51363412 23751141

94626876 69978194

17572039 42705051

12498565 59464841

52422582 94495665

39222806 80765865

29847620 83740630

85300888 50454730

24899125 56592620

13937385 76506022

36666100 39275664

83496070 23310645

73715 87582834

46645270 1934870

67517942 32747790

91048822 67097843

90272490 54382831

60347679 34181399

52234338 51211519

2938161 75846747

87321948 91233354

45880897 72316970

84331819 69954579

74163680 37930140

40898070 52543626

81026224 53057878

42352534 27459051

19134808 36123098

91326498 87988110

43563958 27124145

34829878 62826681

81356423 34558293

14730417 77440091

30609087 64508030

80215315 62472236

4093764 33954099

98946060 17362514

8863060 30032140

9189368 51789002

3572520 46110961

31193320 40876327

19506923 91253849

9532114 11952526

33502734 671304

39639967 72348798

48238505 98573123

13115073 14392758

67676969 36110807

16655690 93275906

79122298 45740356

78547219 10394131

81300199 7998867

55771531 75614314

39218712 43384127

86719525 591480

24999068 11798998

74686118 31694168

70247701 82830217

37732564 1868533

38524947 47840494

64860599 44416139

76162924 45052180

31097388 426593

10836671 54030475

67787093 73395452

55822213 16162375

12159133 76315545

66071352 15407585

79938761 78010591

77292827 62599311

843553 44782923

77216612 72537170

14951736 68704505

78867798 68500591

78292320 32167192

41533018 31609230

91585598 80525276

34650339 50685149

39614366 60058654

68615107 25299554

54197835 35950045

99866851 757337

54025216 53817670

7619752 92681185

13729455 72819595

73149278 35435980

44553300 45477000

89602578 93994762

51049383 25148922

18569893 97064956

14183072 19504594

52986802 13100636

7596197 95570717

18687121 91903786

10723542 10345021

28905526 2414300

98504939 40632797

29683217 21453246

94538959 84792257

55388103 35282377

90391099 86623305

74285361 3783268

19106530 59625490

85461155 9722263

14205675 4860328

58070505 50608302

51491211 62006464

724932 39767231

75284769 96406438

46586242 77376514

98873586 60253334

15524612 80947127

59841017 44620132

73517020 27092368

5973777 95686582

35373147 64968785

62188291 91750465

7017231 39309451

76802942 61857919

62566307 56542343

31026231 81296448

97671695 2034240

25815197 72821847

79978630 47955121

52481930 36911378

41384338 63117462

68068106 45262982

10563415 81540066

83209565 26860821

46970455 98917135

3397427 31791573

33897681 72149092

42414192 96861999

55693113 72716181

20901229 48212130

33797354 51126472

90097704 40861991

66971429 33163607

55683882 52191374

5408196 73524337

78343482 55034014

59036643 78354505

60897100 17974734

14605959 83684338

56025565 87576531

3463449 8182363

77192037 39270545

2258064 55830544

41018379 75762740

41966611 65589251

87408344 45686955

31828207 66193658

28958440 92884930

84927676 66786417

88040310 3184239

87235416 69917743

59979546 34220430

65022776 46578882

78891209 76994783

46776860 93705135

77714594 75466828

52514920 67820661

77001508 15653373

60978753 96264027

43122201 43635011

57075616 92190697

3770864 57478292

41754630 24950177

60025662 56680478

2135329 96595845

81973116 11129434

67204370 44499249

35856618 92887810

8644417 74066119

47938983 41796755

37016157 25010676

29827260 15987135

68457844 60011703

89284276 42518881

75252517 19630671

30492382 60183582

72645381 75355372

23802915 81320925

34644518 4814540

96996572 28234213

42349667 60446958

73585465 27456826

8032724 51226962

26846767 1719918

96340019 1536432

90465477 99502052

49170537 11619923

32935002 42904900

72453430 87832516

65371525 54464533

67787062 13855137

9667282 62301365

42031538 21241288

49700767 57602373

13043060 81248307

99048965 65637513

33924103 57696589

19831652 54280367

56224748 97684321

44474293 39615765

81678063 29174266

30010883 45128050

35910398 23908851

99819161 22304331

60246914 21442997

43768734 55634974

52368294 92333954

96681679 65734873

22403730 63670305

22753440 72886358

9525398 65440980

19464838 83824538

98814625 33670450

15741589 45143358

77265669 22984065

64048579 85876701

11962146 63957157

4341380 17069665

94524020 31029656

23324175 25944537

83605702 86045807

78205670 83574740

5464537 52522315

26796570 49305847

70158678 61862042

6851375 65499176

62054813 28817792

88812166 67845289

32126573 89661370

90155572 71783312

80208008 10672571

76738189 38184436

61384601 56471569

79928988 15781365

45449754 65994952

97374417 89194282

53130859 54134935

8176608 47923418

63730654 90188682

25060912 99210132

95228613 56864079

22674631 46211227

16749952 92421097

98326578 98912181

4955514 3838497

76353889 52363587

62590241 72727668

85578495 90862578

95500852 78257218

75431212 50526523

91927180 85822523

91095063 95215400

36041800 6639143

73041248 48923982

90949794 53979278

33100345 55327877

44422625 21494074

86903822 55150936

91855594 54646926

93903081 33343959

88523108 74054560

63671747 24421953

52754354 83734437

7128708 82096125

95165458 2683608

5313804 1860162

31982791 84440996

88926039 2985689

13409141 94397197

62756787 57229496

35546877 82032752

10011486 32576972

55540483 87244720

90574003 24850699

42473596 76798872

8426304 22048241

17837933 69353551

35919063 10131008

8213315 15082057

37635619 5569105

64262101 919284

87923390 29978091

64737577 35361041

75430697 66458666

84803806 94618498

35245183 68294588

16804580 1368774

48414144 74336373

92836582 22753787

84050568 12138939

49613914 38958428

81813820 23551252

25988291 43154699

49456579 64153805

25361954 17800629

95894724 38659441

58733494 27775238

71323911 587465

98698438 45276519

27285709 29815268

85483033 9409091

57650584 10612193

7904076 71576596

11007626 27255050

41950650 65232014

87708009 99342237

66460062 86893532

14092502 80787338

67001712 55903388

52856816 97160045

44551181 31747473

19216768 87456869

45820361 54407317

27376892 31139247

66059553 34246021

74175291 65020018

82914103 21707188

9277731 49175728

50502746 39875932

27774624 42464404

36388036 10951180

4582244 80721886

52945510 6189489

4450294 27652455

47316015 23491987

36112112 30337288

48446437 80232345

2400092 47038732

98734745 62466106

34733679 19652181

55652639 17608302

66686857 41869791

19084470 20335909

55487567 45657289

24484675 68840645

86452363 65802305

41418646 88382591

18931880 54551770

3356451 61112347

84846233 29874548

61011774 81412133

83146462 11508261

52389881 16194148

17614469 13009512

32244274 40631601

63822099 8549953

50589793 89800771

28746955 11540028

36283488 36386165

82108749 31842598

82807452 80869311

70093287 72514600

14991699 39465314

95557173 13141385

45450150 66168862

97604120 51033321

94890199 80574528

30139577 39190785

68757636 86335446

74111290 82294744

21760144 76532713

117200 50273412

33877207 12992994

68779293 20026761

21497889 90061709

38034044 92299338

84750674 73905209

99876944 61585556

70780368 99871566

44780590 95369114

28474111 60329285

17845998 90312602

3746763 98461451

41553425 84367261

64653677 32151953

43429249 97619952

56061829 56848405

81525895 23813593

9714488 50591923

32131610 52123895

74871488 80743386

28184620 64346147

82393959 36502675

92286513 22902206

9137477 14683578

78156549 21333583

32627241 97685405

28380195 79891562

50462816 58761356

84061920 72245334

6351708 81176642

29387406 53453978

27670250 42899738

23256763 7969183

77531464 85073936

25255512 2259526

12604545 30465446

58163602 14818733

46241890 87526294

16852501 76476635

64423262 11987493

28377815 9320000

19939188 42783073

90018435 46777681

34128999 1039903

92129835 20662766

10113671 2565556

15123634 14538355

5831837 53637149

92847637 76172161

57696335 14467677

4489016 67863653

94778377 68500695

59214649 78464009

86854908 77052994

9021295 83011677

13743450 52536478

68745550 70724820

2906950 82862160

79332006 26156376

80413392 81429481

99120215 65092850

4504412 58507493

17592466 34568474

11644649 96994238

88626869 71232624

58674945 70586410

96850629 92332937

30900471 24030619

49374329 38889770

33052801 73396340

42998504 41755005

82182311 57881793

52273078 64508116

22536380 18371177

1127236 82571191

24070325 23078322

39214806 53983370

9061574 50044116

40772685 87919596

74971450 51320055

41600712 67052777

29649101 46898338

57947413 22065603

13237906 86528933

59315793 48762022

54494801 51133779

31270093 8305363

57627596 57603107

22838292 4839126

21418699 80672828

86984366 24939821

81346734 86265761

19291386 11703849

50892252 18781607

4826423 91947134

32345337 59116800

80911644 68759448

46735475 23741740

34603624 32527818

9899783 65405013

85429094 11864679

10577226 7851775

5210954 29139268

67064085 94596076

51867575 17243733

76268184 45782156

50069583 50866364

67400496 39008613

95659024 46038327

75456293 50570608

14394597 60895294

24523910 8127180

48433690 98784026

39792691 4825706

771434 39500108

51203659 8695315

83500919 4166361

36320506 64619662

71034520 5985847

42598518 2412252

58279337 77505759

90851673 81259454

18012813 82550731

3251368 36858345

50854905 49852747

41408090 65452232

22408884 71153692

95077603 82387863

46479931 27812326

5317923 8357420

69532995 60131388

58008345 51798033

46063185 98459393

78476109 25771459

55892878 53017975

99720260 18307650

86584539 36908402

28701912 83742845

90838909 25722282

89399844 50833560

34666738 28660075

92600544 76972079

40945566 80934810

6377455 89822178

4970316 20421210

29348059 60009834

73544507 97830853

76309663 15079860

39967779 25444635

6813477 55036156

5808793 52243622

1226595 78328797

83541691 69693554

85557105 90931176

41584375 82861996

58022798 1850002

4509540 24501826

21518045 49133713

79693174 73477371

24189285 33145175

45205628 81088416

68234188 17717873

3152752 38835526

9943696 34698605

56860558 82789324

5980659 43335010

67538268 70217934

6350614 61286554

83453294 14297622

38692374 82816127

20309318 86279958

64237976 79013920

63542123 71716916

25853455 2882290

64671104 8333871

67281380 16556541

96600668 63922405

42072100 57976130

97025168 52833467

67591961 1236604

6361398 93713329

17545354 47468717

19889364 4964054

45534601 63758526

20808054 31571245

90063088 91270959

48593819 59158857

97087132 90550183

46911448 45447448

80945811 82681978

23753570 15379967

12050239 28923267

91542714 69904592

97683027 85970893

83922777 62004249

1904996 97269555

49713095 38231497

40974737 25817353

34842680 4678245

81960786 29178367

73815328 51722380

57252780 81311632

80449909 1425991

41385704 26473752

25090814 34701729

54551864 26201531

22439622 10976871

68390778 29115732

38291549 42084803

21625507 56222855

34500632 25819400

22118127 40164672

72627003 89555050

10079519 15960500

71450404 78185399

42360854 67262715

82844830 35870990

13568370 40514842

27806249 36592971

62478735 16722410

1498457 2789979

39817266 2301539

93992961 68217865

52367425 27278609

32383508 8922683

74070911 91323300

95933520 38179142

47654459 37164526

49652650 72970316

95436486 22829365

49891242 89349212

31667965 97694485

50511658 67493964

8619271 81303505

80524477 63903839

77465903 26124794

36211728 75318304

73714817 90037240

32682629 21721365

32323075 90611777

21447892 79303731

29067935 69588094

79666549 60966091

59811811 15728056

17249149 6910510

32827400 84178960

37126545 81274864

91874666 44437669

86919507 37489947

39470674 40208689

68115909 36455908

86085261 88225731

71510687 67258561

1353693 43399619

11308871 23468427

33789605 98508549

33586693 60127394

9513842 18163109

22027975 21238147

71593131 51487057

88911703 31178032

22952771 61028557

18333363 39676225

40333205 76686456

99302970 99496761

65919781 77778833

33685551 64118894

86229315 12120504

91991588 54157665

40593303 46700683

76039005 48359643

46061098 48272615

72549653 62401689

71346332 49433845

38494225 95879168

54307766 53006505

73450341 64460937

87855810 97560528

7463695 23862576

72272682 68687103

16611490 40725793

83891068 34206189

17246913 27929873

80199532 24871351

51851726 21535137

81639099 15272492

50081331 74885032

45458421 934644

75637422 34124252

2752461 33408401

47296573 89150427

89194226 94970774

95597115 48982175

45965277 41131492

2721765 33506755

5013255 84909988

24197818 60092647

38710349 51308557

97624284 76753847

14816454 12178958

56595897 53319020

88869949 71232558

25427673 47398078

61584798 12256879

43066419 99615594

92319467 1123884

82095822 10425878

18598127 29534644

14998742 22702482

9120251 62728252

48644207 25770614

30506623 26040934

94156847 81456254

65673183 5956144

53367364 43668849

1313615 58607842

40383507 79632333

79897258 68349035

4145134 76642357

58414894 30719483

9311446 69477429

15686825 19732092

75420012 24355286

34011692 9352809

95282841 18568779

64841556 1299189

90145946 92791578

58861538 94678926

69251453 82242639

36015627 26662336

19764947 56071179

65256950 21361957

23492118 64766195

28261612 50947270

91927249 96969621

49402985 38268383

16542589 43895268

53125558 8344144

96784018 1975841

69263717 41142574

61695990 11411032

56196075 99027723

54231817 90438582

34195689 65775633

92896795 18825640

58980259 13274627

21386565 38189440

49312268 28578239

57307246 34437596

95761972 46638247

40827941 90868699

44111372 33331678

65503621 62078204

5912759 15796673

43959378 13273692

41408911 72360876

89795248 44342443

99502200 7910819

24649078 87820069

89975861 35250511

71252256 89416774

4762099 6474160

30194418 11183502

99291669 9817687

75775996 19428861

74570930 64559285

67055482 58154149

13681525 52169923

99760293 96974712

97320701 29255074

11714290 17625684

27041506 34453991

78309184 48683303

91419693 86060119

91018419 86206446

20000970 67520728

273728 37990680

32575681 70203591

11006837 51577183

63497705 28362232

81493759 22303040

28316359 66137314

83194032 35326449

85452497 61550667

50527190 81204351

16586491 2410044

