50
3
3 9 7 
2
2 -10 
2
10 4 
3
3 -4 -3 
3
3 4 8 
1
-1 
1
7 
1
9 
2
2 -5 
3
-2 -2 2 
3
-1 -10 -6 
3
-3 -6 -7 
3
8 1 -1 
1
-8 
1
-6 
3
-9 1 -2 
2
8 -7 
2
-2 8 
2
-9 0 
3
4 5 5 
2
0 7 
2
0 10 
1
4 
1
0 
3
2 -10 2 
3
5 -8 8 
2
-7 7 
2
-5 -2 
2
8 5 
3
-6 4 3 
3
-7 8 4 
1
4 
2
-4 -7 
1
2 
3
-5 -10 -8 
3
-8 -6 2 
1
-8 
1
5 
1
-6 
1
-5 
1
1 
3
-1 3 10 
2
-2 6 
1
0 
2
-3 -4 
3
0 8 -9 
3
2 -1 4 
3
6 4 -2 
1
7 
2
7 0 
