48
1
8 
4
-1 7 -9 7 
1
10 
1
5 
4
-1 1 1 -9 
1
-2 
1
8 
2
-4 5 
1
9 
2
-1 1 
4
-10 -2 2 -2 
4
-5 1 -6 5 
4
10 -4 -1 -8 
2
-9 -2 
1
4 
4
10 10 3 4 
3
-10 -2 -6 
1
7 
2
-5 -7 
2
-4 -10 
4
2 9 1 4 
1
8 
3
-10 4 4 
2
7 -2 
2
-6 8 
3
6 -3 1 
4
-6 -5 10 7 
4
9 -6 -7 1 
3
7 -10 -10 
3
-3 4 7 
2
-3 -7 
1
-1 
2
5 1 
4
-6 -2 -2 -10 
1
-2 
4
-8 7 1 -7 
2
1 -1 
2
-7 -1 
4
-6 -9 1 6 
1
0 
2
-4 -6 
1
1 
3
7 1 -5 
2
6 -4 
2
3 1 
2
-3 10 
2
-10 -6 
2
1 2 
