46
2
3 3 
5
-3 -10 3 -6 1 
3
-6 10 9 
4
-3 -8 -1 2 
2
-5 -3 
2
10 -2 
1
-10 
4
-1 4 -5 -2 
4
5 3 -3 -10 
3
9 -3 2 
3
0 9 2 
1
-9 
2
1 -2 
3
-10 2 1 
5
-5 10 -4 9 8 
5
-2 -5 1 3 4 
4
10 7 3 7 
5
1 5 8 -8 2 
5
0 4 1 0 -10 
3
-3 4 10 
4
4 10 5 7 
4
-6 4 -6 4 
1
0 
5
9 -5 10 -4 -3 
3
2 10 -7 
2
-2 6 
3
7 -8 -6 
3
-8 -4 10 
1
-9 
1
-5 
2
4 7 
3
9 3 4 
5
-3 5 -5 -6 1 
5
10 0 -6 7 6 
4
6 1 0 -1 
5
0 -3 -4 -9 5 
1
1 
1
-2 
2
-2 0 
4
-7 -4 -3 3 
1
-9 
3
-5 -10 -3 
5
-2 3 -8 4 0 
4
-5 10 0 0 
1
-6 
1
-3 
