49
5
9 0 -4 -4 1 
7
6 2 4 1 -3 -5 9 
1
1 
3
0 6 -9 
1
-2 
5
-7 8 3 4 3 
3
4 -1 -5 
2
9 9 
3
2 -10 5 
1
-9 
3
0 8 -6 
3
-7 3 -3 
3
8 1 -1 
6
-10 -9 -10 -7 3 -7 
3
-8 -3 1 
6
-4 4 7 -10 -10 6 
2
-3 -3 
2
4 10 
2
4 9 
5
-6 6 -5 10 -8 
4
-5 -2 -9 -2 
1
3 
3
8 -2 -7 
2
9 5 
5
7 -2 10 -1 4 
2
0 5 
4
9 -10 3 -2 
7
1 2 9 2 -9 1 -4 
6
-4 -3 -1 0 2 7 
4
7 -3 2 -8 
3
-5 -1 0 
3
0 4 7 
2
-9 -1 
2
4 4 
3
7 -4 -3 
7
-9 -1 -4 3 -6 2 5 
4
-3 5 -8 10 
3
10 -7 -9 
2
-4 -3 
4
-3 8 2 4 
3
-6 -9 10 
2
-5 3 
3
-5 -10 -2 
7
0 -8 0 5 5 9 -1 
4
0 3 0 6 
6
-10 -9 -2 2 2 10 
5
-6 5 1 -9 6 
1
2 
6
-4 7 8 0 -5 -7 
