49
1
-5 
6
-4 -1 9 4 2 8 
9
0 4 -8 -2 10 -5 1 -1 -5 
3
4 10 -8 
5
-1 8 9 4 0 
1
-6 
4
-4 -3 10 3 
1
-4 
2
-1 7 
8
-2 -5 -2 -10 -3 8 -10 -1 
4
6 -8 -7 -1 
2
3 -8 
9
4 1 5 -2 4 3 8 1 2 
1
-10 
9
9 -10 4 7 2 -8 -7 -6 -1 
5
9 5 10 -9 -3 
5
-7 -2 -2 -9 -6 
6
-5 6 -6 10 -8 -1 
3
1 -10 4 
7
-7 9 4 1 -3 -4 -9 
6
-6 3 3 -10 7 3 
7
4 -3 -1 -7 6 7 0 
3
1 5 8 
1
2 
6
6 -7 -3 3 2 3 
5
5 -10 7 2 -9 
3
5 5 -3 
5
1 8 -9 5 1 
4
9 -6 0 7 
9
6 -5 -5 -2 8 7 -9 2 -2 
3
2 3 -10 
3
-7 4 5 
3
4 -1 -3 
9
5 -7 -8 0 5 -10 6 -8 -8 
6
-2 10 -7 7 6 1 
1
-7 
5
3 -3 1 -6 -7 
10
0 5 6 -10 -4 4 8 -7 -4 -7 
1
5 
3
4 -5 -9 
6
-6 9 5 -9 6 6 
2
3 10 
1
-5 
4
1 6 -1 0 
10
0 2 -5 9 -9 -4 -3 -5 9 8 
2
6 -2 
2
4 9 
4
5 7 4 6 
10
-4 5 2 0 -7 -2 5 -4 8 6 
