50
15
3 9 7 6 2 -10 9 10 4 -5 3 -4 -3 -2 3 
12
8 8 -1 -1 7 -4 9 3 2 -5 10 -2 
15
2 -2 -1 -10 -6 -5 -3 -6 -7 7 8 1 -1 2 -8 
13
-6 -2 -9 1 -2 -3 8 -7 -3 -2 8 9 -9 
14
1 4 5 5 3 0 7 -3 0 10 2 4 -1 0 
12
2 -10 2 10 5 -8 8 -6 -7 7 0 -5 
15
6 8 5 4 -6 4 3 1 -7 8 4 -7 4 9 -4 
10
8 2 7 -5 -10 -8 7 -8 -6 2 
13
-8 2 5 -4 -6 8 -5 -1 1 -2 -1 3 10 
14
-2 6 5 0 -9 -3 -4 4 0 8 -9 -8 2 -1 
15
-5 6 4 -2 -7 7 9 7 0 2 10 8 10 -1 7 
14
7 -1 10 -8 5 -9 -1 1 1 -9 -2 -2 6 8 
13
-4 5 2 9 -3 -1 1 -6 -10 -2 2 -2 -6 
15
1 -6 5 3 10 -4 -1 -8 -3 -9 -2 4 4 -10 10 
15
3 4 3 -10 -2 -6 -4 7 6 -5 -7 0 -4 -10 0 
13
9 1 4 -10 8 -7 -10 4 4 4 7 -2 6 
11
8 8 6 -3 1 -2 -6 -5 10 7 2 
14
-6 -7 1 -1 7 -10 -10 -2 -3 4 7 10 -3 -7 
10
-1 10 5 1 -7 -6 -2 -2 -10 -6 
15
4 -8 7 1 -7 0 1 -1 -7 -7 -1 -9 -6 -9 1 
11
9 0 5 -4 -6 10 1 2 7 1 -5 
13
6 -4 -5 3 1 -9 -3 10 0 -10 -6 5 1 
13
-6 9 3 3 6 -3 -10 3 -6 1 -10 -6 10 
11
-8 -3 -8 -1 2 -6 -5 -3 1 10 -2 
11
-10 9 -1 4 -5 -2 -2 5 3 -3 -10 
14
9 -3 2 10 0 9 2 7 -9 -2 1 -2 -10 -10 
13
1 -1 -5 10 -4 9 8 -9 -2 -5 1 3 4 
10
10 7 3 7 -6 1 5 8 -8 2 
15
0 4 1 0 -10 -2 -3 4 10 -9 4 10 5 7 -8 
11
4 -6 4 -10 0 3 9 -5 10 -4 -3 
10
2 10 -7 1 -2 6 -8 7 -8 -6 
15
-8 -4 10 1 -9 -6 -5 3 4 7 -5 9 3 4 -8 
11
5 -5 -6 1 -9 10 0 -6 7 6 8 
11
1 0 -1 4 0 -3 -4 -9 5 -9 1 
14
-2 -10 -2 0 5 -7 -4 -3 3 8 -9 -1 -5 -10 
11
-9 -2 3 -8 4 0 8 -5 10 0 0 
15
-6 -3 -3 0 1 9 0 -4 -4 1 -4 6 2 4 1 
11
-5 9 4 1 -1 0 6 -9 -3 -2 1 
10
8 3 4 3 6 4 -1 -5 -2 9 
11
-8 2 -10 5 -10 -9 -1 0 8 -6 6 
10
3 -3 6 8 1 -1 2 -10 -9 -10 
13
3 -7 -8 -8 -3 1 2 -4 4 7 -10 -10 6 
15
-3 -3 5 4 10 5 4 9 8 -6 6 -5 10 -8 -7 
15
-2 -9 -2 -10 3 -8 8 -2 -7 -9 9 5 8 7 -2 
12
-1 4 -9 0 5 0 9 -10 3 -2 10 1 
10
9 2 -9 1 -4 -5 -4 -3 -1 0 
13
7 7 7 -3 2 -8 -1 -5 -1 0 -8 0 4 
12
-2 -9 -1 -9 4 4 -8 7 -4 -3 10 -9 
13
-4 3 -6 2 5 -7 -3 5 -8 10 -8 10 -7 
14
-9 -4 -3 -7 -3 8 2 4 -1 -6 -9 10 5 -5 
